Time [s]	Pos_0_x [m]	Pos_0_y [m]	Pos_0_z [m]	Pos_x [m]	Pos_y [m]	Pos_z [m]	Force_x [N]	Force_y [N]	Force_z [N]
Force Directions: 3	 A_f: 1.000000	 Movement Directions: 2
0.000000	0.670831	0.000000	0.532982	0.670831	0.000000	0.532982	0.000000	0.000000	0.000000
0.005000	0.670831	0.000003	0.532982	0.670831	0.000000	0.532982	0.000000	0.000000	0.000015
0.010000	0.670831	0.000012	0.532982	0.670831	0.000000	0.532982	0.000000	0.000000	0.000062
0.015000	0.670831	0.000028	0.532982	0.670831	0.000000	0.532982	0.000000	0.000000	0.000139
0.020000	0.670831	0.000049	0.532982	0.670832	0.000000	0.532982	0.000000	0.000000	0.000247
0.025000	0.670831	0.000077	0.532982	0.670832	0.000001	0.532982	0.000000	0.000000	0.000385
0.030000	0.670831	0.000111	0.532982	0.670832	0.000001	0.532983	0.000000	0.000000	0.000555
0.035000	0.670831	0.000151	0.532982	0.670832	0.000003	0.532983	0.000000	0.000000	0.000755
0.040000	0.670831	0.000197	0.532982	0.670832	0.000004	0.532983	0.000000	0.000000	0.000987
0.045000	0.670831	0.000250	0.532982	0.670832	0.000007	0.532984	0.000000	0.000000	0.001249
0.050000	0.670831	0.000308	0.532982	0.670832	0.000010	0.532984	0.000000	0.000000	0.001541
0.055000	0.670831	0.000373	0.532982	0.670832	0.000014	0.532985	0.000000	0.000000	0.001865
0.060000	0.670831	0.000444	0.532982	0.670832	0.000020	0.532986	0.000000	0.000000	0.002219
0.065000	0.670831	0.000521	0.532982	0.670832	0.000027	0.532987	0.000000	0.000000	0.002604
0.070000	0.670831	0.000604	0.532982	0.670833	0.000036	0.532989	0.000000	0.000000	0.003020
0.075000	0.670831	0.000693	0.532982	0.670833	0.000046	0.532990	0.000000	0.000000	0.003466
0.080000	0.670831	0.000789	0.532982	0.670833	0.000058	0.532992	0.000000	0.000000	0.003943
0.085000	0.670831	0.000890	0.532982	0.670834	0.000073	0.532995	0.000000	0.000000	0.004450
0.090000	0.670831	0.000998	0.532982	0.670834	0.000089	0.532997	0.000000	0.000000	0.004988
0.095000	0.670831	0.001111	0.532982	0.670835	0.000108	0.533000	0.000000	0.000000	0.005557
0.100000	0.670831	0.001231	0.532982	0.670836	0.000130	0.533003	0.000000	0.000000	0.006156
0.105000	0.670831	0.001357	0.532982	0.670836	0.000155	0.533007	0.000000	0.000000	0.006785
0.110000	0.670831	0.001489	0.532982	0.670837	0.000183	0.533011	0.000000	0.000000	0.007445
0.115000	0.670831	0.001627	0.532982	0.670838	0.000213	0.533015	0.000000	0.000000	0.008136
0.120000	0.670831	0.001771	0.532982	0.670839	0.000248	0.533019	0.000000	0.000000	0.008856
0.125000	0.670831	0.001921	0.532982	0.670839	0.000285	0.533024	0.000000	0.000000	0.009607
0.130000	0.670831	0.002078	0.532982	0.670840	0.000327	0.533029	0.000000	0.000000	0.010389
0.135000	0.670831	0.002240	0.532982	0.670841	0.000372	0.533035	0.000000	0.000000	0.011200
0.140000	0.670831	0.002408	0.532982	0.670842	0.000421	0.533041	0.000000	0.000000	0.012042
0.145000	0.670831	0.002583	0.532982	0.670844	0.000475	0.533047	0.000000	0.000000	0.012913
0.150000	0.670831	0.002763	0.532982	0.670845	0.000532	0.533053	0.000000	0.000000	0.013815
0.155000	0.670831	0.002949	0.532982	0.670846	0.000594	0.533060	0.000000	0.000000	0.014747
0.160000	0.670831	0.003142	0.532982	0.670847	0.000661	0.533067	0.000000	0.000000	0.015708
0.165000	0.670831	0.003340	0.532982	0.670848	0.000732	0.533075	0.000000	0.000000	0.016700
0.170000	0.670831	0.003544	0.532982	0.670850	0.000807	0.533082	0.000000	0.000000	0.017721
0.175000	0.670831	0.003754	0.532982	0.670851	0.000888	0.533090	0.000000	0.000000	0.018772
0.180000	0.670831	0.003971	0.532982	0.670853	0.000974	0.533098	0.000000	0.000000	0.019853
0.185000	0.670831	0.004193	0.532982	0.670854	0.001064	0.533106	0.000000	0.000000	0.020964
0.190000	0.670831	0.004421	0.532982	0.670856	0.001160	0.533115	0.000000	0.000000	0.022103
0.195000	0.670831	0.004655	0.532982	0.670857	0.001261	0.533123	0.000000	0.000000	0.023273
0.200000	0.670831	0.004894	0.532982	0.670859	0.001368	0.533132	0.000000	0.000000	0.024472
0.205000	0.670831	0.005140	0.532982	0.670860	0.001479	0.533141	0.000000	0.000000	0.025700
0.210000	0.670831	0.005391	0.532982	0.670862	0.001597	0.533150	0.000000	0.000000	0.026957
0.215000	0.670831	0.005649	0.532982	0.670863	0.001719	0.533159	0.000000	0.000000	0.028244
0.220000	0.670831	0.005912	0.532982	0.670865	0.001848	0.533169	0.000000	0.000000	0.029560
0.225000	0.670831	0.006181	0.532982	0.670866	0.001982	0.533178	0.000000	0.000000	0.030904
0.230000	0.670831	0.006456	0.532982	0.670868	0.002121	0.533188	0.000000	0.000000	0.032278
0.235000	0.670831	0.006736	0.532982	0.670870	0.002267	0.533197	0.000000	0.000000	0.033680
0.240000	0.670831	0.007022	0.532982	0.670871	0.002418	0.533207	0.000000	0.000000	0.035112
0.245000	0.670831	0.007314	0.532982	0.670873	0.002575	0.533216	0.000000	0.000000	0.036572
0.250000	0.670831	0.007612	0.532982	0.670875	0.002738	0.533226	0.000000	0.000000	0.038060
0.255000	0.670831	0.007915	0.532982	0.670876	0.002907	0.533235	0.000000	0.000000	0.039577
0.260000	0.670831	0.008225	0.532982	0.670878	0.003082	0.533245	0.000000	0.000000	0.041123
0.265000	0.670831	0.008539	0.532982	0.670879	0.003262	0.533254	0.000000	0.000000	0.042696
0.270000	0.670831	0.008860	0.532982	0.670881	0.003449	0.533264	0.000000	0.000000	0.044298
0.275000	0.670831	0.009186	0.532982	0.670882	0.003642	0.533273	0.000000	0.000000	0.045928
0.280000	0.670831	0.009517	0.532982	0.670884	0.003841	0.533283	0.000000	0.000000	0.047586
0.285000	0.670831	0.009854	0.532982	0.670885	0.004045	0.533292	0.000000	0.000000	0.049272
0.290000	0.670831	0.010197	0.532982	0.670887	0.004256	0.533301	0.000000	0.000000	0.050986
0.295000	0.670831	0.010546	0.532982	0.670888	0.004473	0.533310	0.000000	0.000000	0.052728
0.300000	0.670831	0.010899	0.532982	0.670890	0.004696	0.533319	0.000000	0.000000	0.054497
0.305000	0.670831	0.011259	0.532982	0.670891	0.004925	0.533328	0.000000	0.000000	0.056293
0.310000	0.670831	0.011623	0.532982	0.670893	0.005160	0.533337	0.000000	0.000000	0.058117
0.315000	0.670831	0.011994	0.532982	0.670894	0.005401	0.533346	0.000000	0.000000	0.059968
0.320000	0.670831	0.012369	0.532982	0.670895	0.005649	0.533354	0.000000	0.000000	0.061847
0.325000	0.670831	0.012750	0.532982	0.670896	0.005902	0.533363	0.000000	0.000000	0.063752
0.330000	0.670831	0.013137	0.532982	0.670898	0.006161	0.533371	0.000000	0.000000	0.065684
0.335000	0.670831	0.013529	0.532982	0.670899	0.006426	0.533379	0.000000	0.000000	0.067643
0.340000	0.670831	0.013926	0.532982	0.670900	0.006698	0.533387	0.000000	0.000000	0.069629
0.345000	0.670831	0.014328	0.532982	0.670901	0.006975	0.533395	0.000000	0.000000	0.071641
0.350000	0.670831	0.014736	0.532982	0.670902	0.007259	0.533403	0.000000	0.000000	0.073680
0.355000	0.670831	0.015149	0.532982	0.670903	0.007548	0.533411	0.000000	0.000000	0.075745
0.360000	0.670831	0.015567	0.532982	0.670904	0.007843	0.533418	0.000000	0.000000	0.077836
0.365000	0.670831	0.015991	0.532982	0.670904	0.008145	0.533426	0.000000	0.000000	0.079953
0.370000	0.670831	0.016419	0.532982	0.670905	0.008452	0.533433	0.000000	0.000000	0.082096
0.375000	0.670831	0.016853	0.532982	0.670906	0.008765	0.533440	0.000000	0.000000	0.084265
0.380000	0.670831	0.017292	0.532982	0.670907	0.009084	0.533447	0.000000	0.000000	0.086460
0.385000	0.670831	0.017736	0.532982	0.670907	0.009409	0.533454	0.000000	0.000000	0.088680
0.390000	0.670831	0.018185	0.532982	0.670908	0.009740	0.533461	0.000000	0.000000	0.090925
0.395000	0.670831	0.018639	0.532982	0.670908	0.010076	0.533468	0.000000	0.000000	0.093196
0.400000	0.670831	0.019098	0.532982	0.670909	0.010419	0.533474	0.000000	0.000000	0.095492
0.405000	0.670831	0.019562	0.532982	0.670909	0.010767	0.533481	0.000000	0.000000	0.097812
0.410000	0.670831	0.020032	0.532982	0.670909	0.011121	0.533487	0.000000	0.000000	0.100158
0.415000	0.670831	0.020506	0.532982	0.670909	0.011481	0.533493	0.000000	0.000000	0.102528
0.420000	0.670831	0.020984	0.532982	0.670910	0.011846	0.533499	0.000000	0.000000	0.104922
0.425000	0.670831	0.021468	0.532982	0.670910	0.012217	0.533506	0.000000	0.000000	0.107342
0.430000	0.670831	0.021957	0.532982	0.670910	0.012594	0.533512	0.000000	0.000000	0.109785
0.435000	0.670831	0.022450	0.532982	0.670910	0.012976	0.533518	0.000000	0.000000	0.112252
0.440000	0.670831	0.022949	0.532982	0.670909	0.013364	0.533523	0.000000	0.000000	0.114743
0.445000	0.670831	0.023452	0.532982	0.670909	0.013757	0.533529	0.000000	0.000000	0.117258
0.450000	0.670831	0.023959	0.532982	0.670909	0.014156	0.533535	0.000000	0.000000	0.119797
0.455000	0.670831	0.024472	0.532982	0.670908	0.014561	0.533541	0.000000	0.000000	0.122359
0.460000	0.670831	0.024989	0.532982	0.670908	0.014971	0.533546	0.000000	0.000000	0.124944
0.465000	0.670831	0.025511	0.532982	0.670907	0.015386	0.533552	0.000000	0.000000	0.127553
0.470000	0.670831	0.026037	0.532982	0.670907	0.015807	0.533558	0.000000	0.000000	0.130184
0.475000	0.670831	0.026568	0.532982	0.670906	0.016233	0.533563	0.000000	0.000000	0.132839
0.480000	0.670831	0.027103	0.532982	0.670905	0.016664	0.533569	0.000000	0.000000	0.135516
0.485000	0.670831	0.027643	0.532982	0.670904	0.017101	0.533574	0.000000	0.000000	0.138215
0.490000	0.670831	0.028187	0.532982	0.670903	0.017543	0.533580	0.000000	0.000000	0.140937
0.495000	0.670831	0.028736	0.532982	0.670902	0.017990	0.533586	0.000000	0.000000	0.143681
0.500000	0.670831	0.029289	0.532982	0.670901	0.018443	0.533591	0.000000	0.000000	0.146447
0.505000	0.670831	0.029847	0.532982	0.670900	0.018900	0.533597	0.000000	0.000000	0.149234
0.510000	0.670831	0.030409	0.532982	0.670898	0.019363	0.533602	0.000000	0.000000	0.152044
0.515000	0.670831	0.030975	0.532982	0.670897	0.019831	0.533608	0.000000	0.000000	0.154874
0.520000	0.670831	0.031545	0.532982	0.670896	0.020304	0.533614	0.000000	0.000000	0.157726
0.525000	0.670831	0.032120	0.532982	0.670894	0.020782	0.533619	0.000000	0.000000	0.160600
0.530000	0.670831	0.032699	0.532982	0.670892	0.021265	0.533625	0.000000	0.000000	0.163494
0.535000	0.670831	0.033282	0.532982	0.670890	0.021752	0.533631	0.000000	0.000000	0.166409
0.540000	0.670831	0.033869	0.532982	0.670889	0.022245	0.533637	0.000000	0.000000	0.169344
0.545000	0.670831	0.034460	0.532982	0.670887	0.022743	0.533643	0.000000	0.000000	0.172300
0.550000	0.670831	0.035055	0.532982	0.670885	0.023245	0.533649	0.000000	0.000000	0.175276
0.555000	0.670831	0.035654	0.532982	0.670882	0.023753	0.533655	0.000000	0.000000	0.178272
0.560000	0.670831	0.036258	0.532982	0.670880	0.024265	0.533661	0.000000	0.000000	0.181288
0.565000	0.670831	0.036865	0.532982	0.670878	0.024782	0.533667	0.000000	0.000000	0.184324
0.570000	0.670831	0.037476	0.532982	0.670875	0.025303	0.533673	0.000000	0.000000	0.187379
0.575000	0.670831	0.038091	0.532982	0.670873	0.025830	0.533680	0.000000	0.000000	0.190453
0.580000	0.670831	0.038709	0.532982	0.670870	0.026361	0.533686	0.000000	0.000000	0.193546
0.585000	0.670831	0.039332	0.532982	0.670867	0.026896	0.533693	0.000000	0.000000	0.196659
0.590000	0.670831	0.039958	0.532982	0.670865	0.027436	0.533699	0.000000	0.000000	0.199790
0.595000	0.670831	0.040588	0.532982	0.670862	0.027981	0.533706	0.000000	0.000000	0.202939
0.600000	0.670831	0.041221	0.532982	0.670859	0.028530	0.533713	0.000000	0.000000	0.206107
0.605000	0.670831	0.041859	0.532982	0.670856	0.029083	0.533720	0.000000	0.000000	0.209293
0.610000	0.670831	0.042499	0.532982	0.670852	0.029641	0.533727	0.000000	0.000000	0.212497
0.615000	0.670831	0.043144	0.532982	0.670849	0.030204	0.533734	0.000000	0.000000	0.215719
0.620000	0.670831	0.043792	0.532982	0.670846	0.030770	0.533741	0.000000	0.000000	0.218958
0.625000	0.670831	0.044443	0.532982	0.670842	0.031341	0.533748	0.000000	0.000000	0.222215
0.630000	0.670831	0.045098	0.532982	0.670839	0.031916	0.533756	0.000000	0.000000	0.225489
0.635000	0.670831	0.045756	0.532982	0.670835	0.032496	0.533763	0.000000	0.000000	0.228779
0.640000	0.670831	0.046417	0.532982	0.670831	0.033080	0.533771	0.000000	0.000000	0.232087
0.645000	0.670831	0.047082	0.532982	0.670827	0.033667	0.533778	0.000000	0.000000	0.235410
0.650000	0.670831	0.047750	0.532982	0.670823	0.034259	0.533786	0.000000	0.000000	0.238751
0.655000	0.670831	0.048421	0.532982	0.670819	0.034855	0.533794	0.000000	0.000000	0.242107
0.660000	0.670831	0.049096	0.532982	0.670815	0.035455	0.533802	0.000000	0.000000	0.245479
0.665000	0.670831	0.049773	0.532982	0.670811	0.036060	0.533810	0.000000	0.000000	0.248867
0.670000	0.670831	0.050454	0.532982	0.670806	0.036668	0.533819	0.000000	0.000000	0.252271
0.675000	0.670831	0.051138	0.532982	0.670802	0.037280	0.533827	0.000000	0.000000	0.255689
0.680000	0.670831	0.051825	0.532982	0.670797	0.037895	0.533835	0.000000	0.000000	0.259123
0.685000	0.670831	0.052514	0.532982	0.670793	0.038515	0.533844	0.000000	0.000000	0.262572
0.690000	0.670831	0.053207	0.532982	0.670788	0.039139	0.533853	0.000000	0.000000	0.266035
0.695000	0.670831	0.053903	0.532982	0.670783	0.039766	0.533861	0.000000	0.000000	0.269513
0.700000	0.670831	0.054601	0.532982	0.670778	0.040397	0.533870	0.000000	0.000000	0.273005
0.705000	0.670831	0.055302	0.532982	0.670773	0.041031	0.533879	0.000000	0.000000	0.276511
0.710000	0.670831	0.056006	0.532982	0.670768	0.041670	0.533888	0.000000	0.000000	0.280030
0.715000	0.670831	0.056713	0.532982	0.670763	0.042312	0.533897	0.000000	0.000000	0.283564
0.720000	0.670831	0.057422	0.532982	0.670757	0.042957	0.533906	0.000000	0.000000	0.287110
0.725000	0.670831	0.058134	0.532982	0.670752	0.043606	0.533916	0.000000	0.000000	0.290670
0.730000	0.670831	0.058849	0.532982	0.670747	0.044259	0.533925	0.000000	0.000000	0.294243
0.735000	0.670831	0.059566	0.532982	0.670741	0.044915	0.533935	0.000000	0.000000	0.297828
0.740000	0.670831	0.060285	0.532982	0.670735	0.045574	0.533944	0.000000	0.000000	0.301426
0.745000	0.670831	0.061007	0.532982	0.670730	0.046237	0.533954	0.000000	0.000000	0.305036
0.750000	0.670831	0.061732	0.532982	0.670724	0.046903	0.533963	0.000000	0.000000	0.308658
0.755000	0.670831	0.062458	0.532982	0.670718	0.047573	0.533973	0.000000	0.000000	0.312292
0.760000	0.670831	0.063188	0.532982	0.670712	0.048245	0.533983	0.000000	0.000000	0.315938
0.765000	0.670831	0.063919	0.532982	0.670706	0.048921	0.533993	0.000000	0.000000	0.319595
0.770000	0.670831	0.064653	0.532982	0.670700	0.049600	0.534003	0.000000	0.000000	0.323263
0.775000	0.670831	0.065388	0.532982	0.670694	0.050282	0.534013	0.000000	0.000000	0.326941
0.780000	0.670831	0.066126	0.532982	0.670687	0.050967	0.534023	0.000000	0.000000	0.330631
0.785000	0.670831	0.066866	0.532982	0.670681	0.051656	0.534033	0.000000	0.000000	0.334331
0.790000	0.670831	0.067608	0.532982	0.670674	0.052347	0.534044	0.000000	0.000000	0.338041
0.795000	0.670831	0.068352	0.532982	0.670668	0.053041	0.534054	0.000000	0.000000	0.341762
0.800000	0.670831	0.069098	0.532982	0.670661	0.053738	0.534064	0.000000	0.000000	0.345492
0.805000	0.670831	0.069846	0.532982	0.670655	0.054438	0.534075	0.000000	0.000000	0.349231
0.810000	0.670831	0.070596	0.532982	0.670648	0.055141	0.534085	0.000000	0.000000	0.352980
0.815000	0.670831	0.071348	0.532982	0.670641	0.055847	0.534095	0.000000	0.000000	0.356738
0.820000	0.670831	0.072101	0.532982	0.670634	0.056555	0.534106	0.000000	0.000000	0.360504
0.825000	0.670831	0.072856	0.532982	0.670627	0.057266	0.534117	0.000000	0.000000	0.364280
0.830000	0.670831	0.073613	0.532982	0.670620	0.057980	0.534127	0.000000	0.000000	0.368063
0.835000	0.670831	0.074371	0.532982	0.670613	0.058696	0.534138	0.000000	0.000000	0.371855
0.840000	0.670831	0.075131	0.532982	0.670606	0.059415	0.534148	0.000000	0.000000	0.375655
0.845000	0.670831	0.075892	0.532982	0.670599	0.060137	0.534159	0.000000	0.000000	0.379462
0.850000	0.670831	0.076655	0.532982	0.670591	0.060860	0.534170	0.000000	0.000000	0.383277
0.855000	0.670831	0.077420	0.532982	0.670584	0.061587	0.534181	0.000000	0.000000	0.387099
0.860000	0.670831	0.078186	0.532982	0.670577	0.062315	0.534191	0.000000	0.000000	0.390928
0.865000	0.670831	0.078953	0.532982	0.670569	0.063047	0.534202	0.000000	0.000000	0.394764
0.870000	0.670831	0.079721	0.532982	0.670562	0.063780	0.534213	0.000000	0.000000	0.398606
0.875000	0.670831	0.080491	0.532982	0.670554	0.064516	0.534224	0.000000	0.000000	0.402455
0.880000	0.670831	0.081262	0.532982	0.670547	0.065253	0.534234	0.000000	0.000000	0.406309
0.885000	0.670831	0.082034	0.532982	0.670539	0.065993	0.534245	0.000000	0.000000	0.410170
0.890000	0.670831	0.082807	0.532982	0.670531	0.066736	0.534256	0.000000	0.000000	0.414035
0.895000	0.670831	0.083581	0.532982	0.670524	0.067480	0.534267	0.000000	0.000000	0.417907
0.900000	0.670831	0.084357	0.532982	0.670516	0.068226	0.534278	0.000000	0.000000	0.421783
0.905000	0.670831	0.085133	0.532982	0.670508	0.068974	0.534289	0.000000	0.000000	0.425664
0.910000	0.670831	0.085910	0.532982	0.670500	0.069724	0.534299	0.000000	0.000000	0.429549
0.915000	0.670831	0.086688	0.532982	0.670492	0.070476	0.534310	0.000000	0.000000	0.433439
0.920000	0.670831	0.087467	0.532982	0.670484	0.071230	0.534321	0.000000	0.000000	0.437333
0.925000	0.670831	0.088246	0.532982	0.670476	0.071986	0.534332	0.000000	0.000000	0.441231
0.930000	0.670831	0.089027	0.532982	0.670468	0.072744	0.534343	0.000000	0.000000	0.445133
0.935000	0.670831	0.089808	0.532982	0.670460	0.073503	0.534354	0.000000	0.000000	0.449038
0.940000	0.670831	0.090589	0.532982	0.670452	0.074264	0.534364	0.000000	0.000000	0.452946
0.945000	0.670831	0.091371	0.532982	0.670444	0.075026	0.534375	0.000000	0.000000	0.456857
0.950000	0.670831	0.092154	0.532982	0.670436	0.075790	0.534386	0.000000	0.000000	0.460770
0.955000	0.670831	0.092937	0.532982	0.670428	0.076556	0.534397	0.000000	0.000000	0.464687
0.960000	0.670831	0.093721	0.532982	0.670420	0.077323	0.534407	0.000000	0.000000	0.468605
0.965000	0.670831	0.094505	0.532982	0.670412	0.078091	0.534418	0.000000	0.000000	0.472525
0.970000	0.670831	0.095289	0.532982	0.670404	0.078861	0.534429	0.000000	0.000000	0.476447
0.975000	0.670831	0.096074	0.532982	0.670396	0.079632	0.534439	0.000000	0.000000	0.480370
0.980000	0.670831	0.096859	0.532982	0.670387	0.080405	0.534450	0.000000	0.000000	0.484295
0.985000	0.670831	0.097644	0.532982	0.670379	0.081178	0.534460	0.000000	0.000000	0.488220
0.990000	0.670831	0.098429	0.532982	0.670371	0.081953	0.534471	0.000000	0.000000	0.492146
0.995000	0.670831	0.099215	0.532982	0.670363	0.082729	0.534482	0.000000	0.000000	0.496073
1.000000	0.670831	0.100000	0.532982	0.670355	0.083506	0.534492	0.000000	0.000000	0.500000
1.005000	0.670831	0.100785	0.532982	0.670346	0.084284	0.534502	0.000000	0.000000	0.503927
1.010000	0.670831	0.101571	0.532982	0.670338	0.085064	0.534513	0.000000	0.000000	0.507854
1.015000	0.670831	0.102356	0.532982	0.670330	0.085844	0.534523	0.000000	0.000000	0.511780
1.020000	0.670831	0.103141	0.532982	0.670322	0.086625	0.534534	0.000000	0.000000	0.515705
1.025000	0.670831	0.103926	0.532982	0.670314	0.087406	0.534544	0.000000	0.000000	0.519630
1.030000	0.670831	0.104711	0.532982	0.670305	0.088189	0.534554	0.000000	0.000000	0.523553
1.035000	0.670831	0.105495	0.532982	0.670297	0.088973	0.534564	0.000000	0.000000	0.527475
1.040000	0.670831	0.106279	0.532982	0.670289	0.089757	0.534575	0.000000	0.000000	0.531395
1.045000	0.670831	0.107063	0.532982	0.670281	0.090541	0.534585	0.000000	0.000000	0.535313
1.050000	0.670831	0.107846	0.532982	0.670273	0.091327	0.534595	0.000000	0.000000	0.539230
1.055000	0.670831	0.108629	0.532982	0.670265	0.092113	0.534605	0.000000	0.000000	0.543143
1.060000	0.670831	0.109411	0.532982	0.670257	0.092899	0.534615	0.000000	0.000000	0.547054
1.065000	0.670831	0.110192	0.532982	0.670249	0.093686	0.534625	0.000000	0.000000	0.550962
1.070000	0.670831	0.110973	0.532982	0.670241	0.094474	0.534635	0.000000	0.000000	0.554867
1.075000	0.670831	0.111754	0.532982	0.670233	0.095261	0.534645	0.000000	0.000000	0.558769
1.080000	0.670831	0.112533	0.532982	0.670225	0.096049	0.534654	0.000000	0.000000	0.562667
1.085000	0.670831	0.113312	0.532982	0.670217	0.096838	0.534664	0.000000	0.000000	0.566561
1.090000	0.670831	0.114090	0.532982	0.670209	0.097626	0.534674	0.000000	0.000000	0.570451
1.095000	0.670831	0.114867	0.532982	0.670201	0.098415	0.534683	0.000000	0.000000	0.574336
1.100000	0.670831	0.115643	0.532982	0.670193	0.099204	0.534693	0.000000	0.000000	0.578217
1.105000	0.670831	0.116419	0.532982	0.670186	0.099992	0.534703	0.000000	0.000000	0.582093
1.110000	0.670831	0.117193	0.532982	0.670178	0.100781	0.534712	0.000000	0.000000	0.585965
1.115000	0.670831	0.117966	0.532982	0.670170	0.101570	0.534721	0.000000	0.000000	0.589830
1.120000	0.670831	0.118738	0.532982	0.670163	0.102359	0.534731	0.000000	0.000000	0.593691
1.125000	0.670831	0.119509	0.532982	0.670155	0.103148	0.534740	0.000000	0.000000	0.597545
1.130000	0.670831	0.120279	0.532982	0.670148	0.103936	0.534749	0.000000	0.000000	0.601394
1.135000	0.670831	0.121047	0.532982	0.670140	0.104725	0.534758	0.000000	0.000000	0.605236
1.140000	0.670831	0.121814	0.532982	0.670133	0.105513	0.534767	0.000000	0.000000	0.609072
1.145000	0.670831	0.122580	0.532982	0.670126	0.106300	0.534776	0.000000	0.000000	0.612901
1.150000	0.670831	0.123345	0.532982	0.670118	0.107088	0.534785	0.000000	0.000000	0.616723
1.155000	0.670831	0.124108	0.532982	0.670111	0.107875	0.534794	0.000000	0.000000	0.620538
1.160000	0.670831	0.124869	0.532982	0.670104	0.108661	0.534803	0.000000	0.000000	0.624345
1.165000	0.670831	0.125629	0.532982	0.670097	0.109447	0.534812	0.000000	0.000000	0.628145
1.170000	0.670831	0.126387	0.532982	0.670090	0.110232	0.534821	0.000000	0.000000	0.631937
1.175000	0.670831	0.127144	0.532982	0.670083	0.111017	0.534829	0.000000	0.000000	0.635720
1.180000	0.670831	0.127899	0.532982	0.670077	0.111801	0.534838	0.000000	0.000000	0.639496
1.185000	0.670831	0.128652	0.532982	0.670070	0.112585	0.534846	0.000000	0.000000	0.643262
1.190000	0.670831	0.129404	0.532982	0.670063	0.113367	0.534855	0.000000	0.000000	0.647020
1.195000	0.670831	0.130154	0.532982	0.670057	0.114149	0.534863	0.000000	0.000000	0.650769
1.200000	0.670831	0.130902	0.532982	0.670050	0.114930	0.534871	0.000000	0.000000	0.654508
1.205000	0.670831	0.131648	0.532982	0.670044	0.115710	0.534879	0.000000	0.000000	0.658238
1.210000	0.670831	0.132392	0.532982	0.670038	0.116490	0.534887	0.000000	0.000000	0.661959
1.215000	0.670831	0.133134	0.532982	0.670031	0.117268	0.534895	0.000000	0.000000	0.665669
1.220000	0.670831	0.133874	0.532982	0.670025	0.118045	0.534903	0.000000	0.000000	0.669369
1.225000	0.670831	0.134612	0.532982	0.670019	0.118821	0.534911	0.000000	0.000000	0.673059
1.230000	0.670831	0.135347	0.532982	0.670014	0.119596	0.534919	0.000000	0.000000	0.676737
1.235000	0.670831	0.136081	0.532982	0.670008	0.120370	0.534927	0.000000	0.000000	0.680405
1.240000	0.670831	0.136812	0.532982	0.670002	0.121142	0.534934	0.000000	0.000000	0.684062
1.245000	0.670831	0.137542	0.532982	0.669997	0.121913	0.534942	0.000000	0.000000	0.687708
1.250000	0.670831	0.138268	0.532982	0.669991	0.122683	0.534949	0.000000	0.000000	0.691342
1.255000	0.670831	0.138993	0.532982	0.669986	0.123452	0.534956	0.000000	0.000000	0.694964
1.260000	0.670831	0.139715	0.532982	0.669981	0.124219	0.534964	0.000000	0.000000	0.698574
1.265000	0.670831	0.140434	0.532982	0.669975	0.124984	0.534971	0.000000	0.000000	0.702172
1.270000	0.670831	0.141151	0.532982	0.669970	0.125748	0.534978	0.000000	0.000000	0.705757
1.275000	0.670831	0.141866	0.532982	0.669966	0.126511	0.534985	0.000000	0.000000	0.709330
1.280000	0.670831	0.142578	0.532982	0.669961	0.127272	0.534992	0.000000	0.000000	0.712890
1.285000	0.670831	0.143287	0.532982	0.669956	0.128031	0.534998	0.000000	0.000000	0.716436
1.290000	0.670831	0.143994	0.532982	0.669952	0.128789	0.535005	0.000000	0.000000	0.719970
1.295000	0.670831	0.144698	0.532982	0.669947	0.129545	0.535012	0.000000	0.000000	0.723489
1.300000	0.670831	0.145399	0.532982	0.669943	0.130299	0.535018	0.000000	0.000000	0.726995
1.305000	0.670831	0.146097	0.532982	0.669939	0.131051	0.535024	0.000000	0.000000	0.730487
1.310000	0.670831	0.146793	0.532982	0.669935	0.131801	0.535031	0.000000	0.000000	0.733965
1.315000	0.670831	0.147486	0.532982	0.669931	0.132549	0.535037	0.000000	0.000000	0.737428
1.320000	0.670831	0.148175	0.532982	0.669927	0.133296	0.535043	0.000000	0.000000	0.740877
1.325000	0.670831	0.148862	0.532982	0.669924	0.134040	0.535049	0.000000	0.000000	0.744311
1.330000	0.670831	0.149546	0.532982	0.669920	0.134782	0.535055	0.000000	0.000000	0.747729
1.335000	0.670831	0.150227	0.532982	0.669917	0.135523	0.535061	0.000000	0.000000	0.751133
1.340000	0.670831	0.150904	0.532982	0.669914	0.136261	0.535066	0.000000	0.000000	0.754521
1.345000	0.670831	0.151579	0.532982	0.669911	0.136996	0.535072	0.000000	0.000000	0.757893
1.350000	0.670831	0.152250	0.532982	0.669908	0.137730	0.535077	0.000000	0.000000	0.761249
1.355000	0.670831	0.152918	0.532982	0.669905	0.138461	0.535083	0.000000	0.000000	0.764590
1.360000	0.670831	0.153583	0.532982	0.669903	0.139190	0.535088	0.000000	0.000000	0.767913
1.365000	0.670831	0.154244	0.532982	0.669900	0.139917	0.535093	0.000000	0.000000	0.771221
1.370000	0.670831	0.154902	0.532982	0.669898	0.140641	0.535098	0.000000	0.000000	0.774511
1.375000	0.670831	0.155557	0.532982	0.669896	0.141362	0.535103	0.000000	0.000000	0.777785
1.380000	0.670831	0.156208	0.532982	0.669894	0.142082	0.535108	0.000000	0.000000	0.781042
1.385000	0.670831	0.156856	0.532982	0.669892	0.142798	0.535113	0.000000	0.000000	0.784281
1.390000	0.670831	0.157501	0.532982	0.669890	0.143512	0.535117	0.000000	0.000000	0.787503
1.395000	0.670831	0.158141	0.532982	0.669889	0.144223	0.535122	0.000000	0.000000	0.790707
1.400000	0.670831	0.158779	0.532982	0.669887	0.144932	0.535126	0.000000	0.000000	0.793893
1.405000	0.670831	0.159412	0.532982	0.669886	0.145638	0.535130	0.000000	0.000000	0.797061
1.410000	0.670831	0.160042	0.532982	0.669885	0.146341	0.535134	0.000000	0.000000	0.800210
1.415000	0.670831	0.160668	0.532982	0.669884	0.147041	0.535138	0.000000	0.000000	0.803341
1.420000	0.670831	0.161291	0.532982	0.669883	0.147739	0.535142	0.000000	0.000000	0.806454
1.425000	0.670831	0.161909	0.532982	0.669883	0.148434	0.535146	0.000000	0.000000	0.809547
1.430000	0.670831	0.162524	0.532982	0.669882	0.149125	0.535150	0.000000	0.000000	0.812621
1.435000	0.670831	0.163135	0.532982	0.669882	0.149814	0.535153	0.000000	0.000000	0.815676
1.440000	0.670831	0.163742	0.532982	0.669882	0.150499	0.535157	0.000000	0.000000	0.818712
1.445000	0.670831	0.164346	0.532982	0.669882	0.151182	0.535160	0.000000	0.000000	0.821728
1.450000	0.670831	0.164945	0.532982	0.669883	0.151861	0.535163	0.000000	0.000000	0.824724
1.455000	0.670831	0.165540	0.532982	0.669883	0.152538	0.535166	0.000000	0.000000	0.827700
1.460000	0.670831	0.166131	0.532982	0.669884	0.153211	0.535169	0.000000	0.000000	0.830656
1.465000	0.670831	0.166718	0.532982	0.669884	0.153881	0.535172	0.000000	0.000000	0.833591
1.470000	0.670831	0.167301	0.532982	0.669885	0.154547	0.535174	0.000000	0.000000	0.836506
1.475000	0.670831	0.167880	0.532982	0.669886	0.155210	0.535177	0.000000	0.000000	0.839400
1.480000	0.670831	0.168455	0.532982	0.669888	0.155870	0.535179	0.000000	0.000000	0.842274
1.485000	0.670831	0.169025	0.532982	0.669889	0.156527	0.535182	0.000000	0.000000	0.845126
1.490000	0.670831	0.169591	0.532982	0.669891	0.157180	0.535184	0.000000	0.000000	0.847956
1.495000	0.670831	0.170153	0.532982	0.669893	0.157829	0.535186	0.000000	0.000000	0.850766
1.500000	0.670831	0.170711	0.532982	0.669895	0.158476	0.535188	0.000000	0.000000	0.853553
1.505000	0.670831	0.171264	0.532982	0.669897	0.159118	0.535190	0.000000	0.000000	0.856319
1.510000	0.670831	0.171813	0.532982	0.669899	0.159757	0.535191	0.000000	0.000000	0.859063
1.515000	0.670831	0.172357	0.532982	0.669902	0.160392	0.535193	0.000000	0.000000	0.861785
1.520000	0.670831	0.172897	0.532982	0.669904	0.161024	0.535194	0.000000	0.000000	0.864484
1.525000	0.670831	0.173432	0.532982	0.669907	0.161652	0.535196	0.000000	0.000000	0.867161
1.530000	0.670831	0.173963	0.532982	0.669910	0.162276	0.535197	0.000000	0.000000	0.869816
1.535000	0.670831	0.174489	0.532982	0.669913	0.162896	0.535198	0.000000	0.000000	0.872447
1.540000	0.670831	0.175011	0.532982	0.669917	0.163513	0.535199	0.000000	0.000000	0.875056
1.545000	0.670831	0.175528	0.532982	0.669920	0.164126	0.535200	0.000000	0.000000	0.877641
1.550000	0.670831	0.176041	0.532982	0.669924	0.164735	0.535200	0.000000	0.000000	0.880203
1.555000	0.670831	0.176548	0.532982	0.669928	0.165339	0.535201	0.000000	0.000000	0.882742
1.560000	0.670831	0.177051	0.532982	0.669932	0.165940	0.535202	0.000000	0.000000	0.885257
1.565000	0.670831	0.177550	0.532982	0.669936	0.166537	0.535202	0.000000	0.000000	0.887748
1.570000	0.670831	0.178043	0.532982	0.669941	0.167130	0.535202	0.000000	0.000000	0.890215
1.575000	0.670831	0.178532	0.532982	0.669945	0.167719	0.535202	0.000000	0.000000	0.892658
1.580000	0.670831	0.179016	0.532982	0.669950	0.168304	0.535202	0.000000	0.000000	0.895078
1.585000	0.670831	0.179494	0.532982	0.669955	0.168884	0.535202	0.000000	0.000000	0.897472
1.590000	0.670831	0.179968	0.532982	0.669960	0.169460	0.535202	0.000000	0.000000	0.899842
1.595000	0.670831	0.180438	0.532982	0.669965	0.170032	0.535201	0.000000	0.000000	0.902188
1.600000	0.670831	0.180902	0.532982	0.669971	0.170600	0.535201	0.000000	0.000000	0.904508
1.605000	0.670831	0.181361	0.532982	0.669976	0.171164	0.535200	0.000000	0.000000	0.906804
1.610000	0.670831	0.181815	0.532982	0.669982	0.171723	0.535199	0.000000	0.000000	0.909075
1.615000	0.670831	0.182264	0.532982	0.669988	0.172278	0.535199	0.000000	0.000000	0.911320
1.620000	0.670831	0.182708	0.532982	0.669994	0.172828	0.535198	0.000000	0.000000	0.913540
1.625000	0.670831	0.183147	0.532982	0.670000	0.173374	0.535197	0.000000	0.000000	0.915735
1.630000	0.670831	0.183581	0.532982	0.670007	0.173916	0.535195	0.000000	0.000000	0.917904
1.635000	0.670831	0.184009	0.532982	0.670013	0.174453	0.535194	0.000000	0.000000	0.920047
1.640000	0.670831	0.184433	0.532982	0.670020	0.174985	0.535193	0.000000	0.000000	0.922164
1.645000	0.670831	0.184851	0.532982	0.670027	0.175513	0.535191	0.000000	0.000000	0.924255
1.650000	0.670831	0.185264	0.532982	0.670034	0.176037	0.535189	0.000000	0.000000	0.926320
1.655000	0.670831	0.185672	0.532982	0.670041	0.176555	0.535188	0.000000	0.000000	0.928359
1.660000	0.670831	0.186074	0.532982	0.670048	0.177069	0.535186	0.000000	0.000000	0.930371
1.665000	0.670831	0.186471	0.532982	0.670056	0.177579	0.535184	0.000000	0.000000	0.932357
1.670000	0.670831	0.186863	0.532982	0.670064	0.178083	0.535182	0.000000	0.000000	0.934316
1.675000	0.670831	0.187250	0.532982	0.670072	0.178583	0.535180	0.000000	0.000000	0.936248
1.680000	0.670831	0.187631	0.532982	0.670080	0.179078	0.535177	0.000000	0.000000	0.938153
1.685000	0.670831	0.188006	0.532982	0.670088	0.179569	0.535175	0.000000	0.000000	0.940032
1.690000	0.670831	0.188377	0.532982	0.670096	0.180054	0.535172	0.000000	0.000000	0.941883
1.695000	0.670831	0.188741	0.532982	0.670104	0.180534	0.535170	0.000000	0.000000	0.943707
1.700000	0.670831	0.189101	0.532982	0.670113	0.181010	0.535167	0.000000	0.000000	0.945503
1.705000	0.670831	0.189454	0.532982	0.670122	0.181481	0.535164	0.000000	0.000000	0.947272
1.710000	0.670831	0.189803	0.532982	0.670131	0.181946	0.535162	0.000000	0.000000	0.949014
1.715000	0.670831	0.190146	0.532982	0.670140	0.182407	0.535159	0.000000	0.000000	0.950728
1.720000	0.670831	0.190483	0.532982	0.670149	0.182863	0.535156	0.000000	0.000000	0.952414
1.725000	0.670831	0.190814	0.532982	0.670158	0.183313	0.535152	0.000000	0.000000	0.954072
1.730000	0.670831	0.191140	0.532982	0.670167	0.183759	0.535149	0.000000	0.000000	0.955702
1.735000	0.670831	0.191461	0.532982	0.670177	0.184199	0.535146	0.000000	0.000000	0.957304
1.740000	0.670831	0.191775	0.532982	0.670187	0.184634	0.535143	0.000000	0.000000	0.958877
1.745000	0.670831	0.192085	0.532982	0.670196	0.185064	0.535139	0.000000	0.000000	0.960423
1.750000	0.670831	0.192388	0.532982	0.670206	0.185489	0.535136	0.000000	0.000000	0.961940
1.755000	0.670831	0.192686	0.532982	0.670216	0.185909	0.535132	0.000000	0.000000	0.963428
1.760000	0.670831	0.192978	0.532982	0.670226	0.186323	0.535128	0.000000	0.000000	0.964888
1.765000	0.670831	0.193264	0.532982	0.670237	0.186732	0.535124	0.000000	0.000000	0.966320
1.770000	0.670831	0.193544	0.532982	0.670247	0.187136	0.535121	0.000000	0.000000	0.967722
1.775000	0.670831	0.193819	0.532982	0.670258	0.187534	0.535117	0.000000	0.000000	0.969096
1.780000	0.670831	0.194088	0.532982	0.670268	0.187927	0.535113	0.000000	0.000000	0.970440
1.785000	0.670831	0.194351	0.532982	0.670279	0.188315	0.535109	0.000000	0.000000	0.971756
1.790000	0.670831	0.194609	0.532982	0.670290	0.188697	0.535105	0.000000	0.000000	0.973043
1.795000	0.670831	0.194860	0.532982	0.670301	0.189074	0.535100	0.000000	0.000000	0.974300
1.800000	0.670831	0.195106	0.532982	0.670312	0.189445	0.535096	0.000000	0.000000	0.975528
1.805000	0.670831	0.195345	0.532982	0.670323	0.189811	0.535092	0.000000	0.000000	0.976727
1.810000	0.670831	0.195579	0.532982	0.670334	0.190171	0.535087	0.000000	0.000000	0.977897
1.815000	0.670831	0.195807	0.532982	0.670345	0.190526	0.535083	0.000000	0.000000	0.979036
1.820000	0.670831	0.196029	0.532982	0.670356	0.190875	0.535079	0.000000	0.000000	0.980147
1.825000	0.670831	0.196246	0.532982	0.670368	0.191219	0.535074	0.000000	0.000000	0.981228
1.830000	0.670831	0.196456	0.532982	0.670379	0.191557	0.535070	0.000000	0.000000	0.982279
1.835000	0.670831	0.196660	0.532982	0.670391	0.191889	0.535065	0.000000	0.000000	0.983300
1.840000	0.670831	0.196858	0.532982	0.670403	0.192216	0.535060	0.000000	0.000000	0.984292
1.845000	0.670831	0.197051	0.532982	0.670414	0.192537	0.535056	0.000000	0.000000	0.985253
1.850000	0.670831	0.197237	0.532982	0.670426	0.192852	0.535051	0.000000	0.000000	0.986185
1.855000	0.670831	0.197417	0.532982	0.670438	0.193162	0.535046	0.000000	0.000000	0.987087
1.860000	0.670831	0.197592	0.532982	0.670450	0.193465	0.535041	0.000000	0.000000	0.987958
1.865000	0.670831	0.197760	0.532982	0.670462	0.193764	0.535037	0.000000	0.000000	0.988800
1.870000	0.670831	0.197922	0.532982	0.670474	0.194056	0.535032	0.000000	0.000000	0.989611
1.875000	0.670831	0.198079	0.532982	0.670486	0.194342	0.535027	0.000000	0.000000	0.990393
1.880000	0.670831	0.198229	0.532982	0.670499	0.194623	0.535022	0.000000	0.000000	0.991144
1.885000	0.670831	0.198373	0.532982	0.670511	0.194898	0.535017	0.000000	0.000000	0.991864
1.890000	0.670831	0.198511	0.532982	0.670523	0.195167	0.535012	0.000000	0.000000	0.992555
1.895000	0.670831	0.198643	0.532982	0.670535	0.195430	0.535007	0.000000	0.000000	0.993215
1.900000	0.670831	0.198769	0.532982	0.670548	0.195687	0.535002	0.000000	0.000000	0.993844
1.905000	0.670831	0.198889	0.532982	0.670560	0.195939	0.534997	0.000000	0.000000	0.994443
1.910000	0.670831	0.199002	0.532982	0.670573	0.196184	0.534992	0.000000	0.000000	0.995012
1.915000	0.670831	0.199110	0.532982	0.670585	0.196423	0.534987	0.000000	0.000000	0.995550
1.920000	0.670831	0.199211	0.532982	0.670597	0.196657	0.534982	0.000000	0.000000	0.996057
1.925000	0.670831	0.199307	0.532982	0.670610	0.196884	0.534977	0.000000	0.000000	0.996534
1.930000	0.670831	0.199396	0.532982	0.670622	0.197106	0.534972	0.000000	0.000000	0.996980
1.935000	0.670831	0.199479	0.532982	0.670635	0.197321	0.534967	0.000000	0.000000	0.997396
1.940000	0.670831	0.199556	0.532982	0.670647	0.197531	0.534962	0.000000	0.000000	0.997781
1.945000	0.670831	0.199627	0.532982	0.670660	0.197734	0.534957	0.000000	0.000000	0.998135
1.950000	0.670831	0.199692	0.532982	0.670673	0.197932	0.534952	0.000000	0.000000	0.998459
1.955000	0.670831	0.199750	0.532982	0.670685	0.198123	0.534947	0.000000	0.000000	0.998751
1.960000	0.670831	0.199803	0.532982	0.670698	0.198308	0.534942	0.000000	0.000000	0.999013
1.965000	0.670831	0.199849	0.532982	0.670710	0.198487	0.534937	0.000000	0.000000	0.999245
1.970000	0.670831	0.199889	0.532982	0.670723	0.198660	0.534932	0.000000	0.000000	0.999445
1.975000	0.670831	0.199923	0.532982	0.670735	0.198827	0.534927	0.000000	0.000000	0.999615
1.980000	0.670831	0.199951	0.532982	0.670748	0.198988	0.534922	0.000000	0.000000	0.999753
1.985000	0.670831	0.199972	0.532982	0.670760	0.199142	0.534917	0.000000	0.000000	0.999861
1.990000	0.670831	0.199988	0.532982	0.670773	0.199290	0.534912	0.000000	0.000000	0.999938
1.995000	0.670831	0.199997	0.532982	0.670785	0.199433	0.534908	0.000000	0.000000	0.999985
2.000000	0.670831	0.200000	0.532982	0.670798	0.199569	0.534903	0.000000	0.000000	1.000000
2.005000	0.670831	0.199997	0.532982	0.670810	0.199698	0.534898	0.000000	0.000000	0.999985
2.010000	0.670831	0.199988	0.532982	0.670822	0.199822	0.534893	0.000000	0.000000	0.999938
2.015000	0.670831	0.199972	0.532982	0.670835	0.199939	0.534889	0.000000	0.000000	0.999861
2.020000	0.670831	0.199951	0.532982	0.670847	0.200051	0.534884	0.000000	0.000000	0.999753
2.025000	0.670831	0.199923	0.532982	0.670859	0.200155	0.534879	0.000000	0.000000	0.999615
2.030000	0.670831	0.199889	0.532982	0.670871	0.200254	0.534875	0.000000	0.000000	0.999445
2.035000	0.670831	0.199849	0.532982	0.670883	0.200347	0.534870	0.000000	0.000000	0.999245
2.040000	0.670831	0.199803	0.532982	0.670895	0.200433	0.534866	0.000000	0.000000	0.999013
2.045000	0.670831	0.199750	0.532982	0.670908	0.200513	0.534861	0.000000	0.000000	0.998751
2.050000	0.670831	0.199692	0.532982	0.670919	0.200586	0.534857	0.000000	0.000000	0.998459
2.055000	0.670831	0.199627	0.532982	0.670931	0.200654	0.534852	0.000000	0.000000	0.998135
2.060000	0.670831	0.199556	0.532982	0.670943	0.200715	0.534848	0.000000	0.000000	0.997781
2.065000	0.670831	0.199479	0.532982	0.670955	0.200769	0.534844	0.000000	0.000000	0.997396
2.070000	0.670831	0.199396	0.532982	0.670967	0.200818	0.534840	0.000000	0.000000	0.996980
2.075000	0.670831	0.199307	0.532982	0.670978	0.200860	0.534835	0.000000	0.000000	0.996534
2.080000	0.670831	0.199211	0.532982	0.670990	0.200896	0.534831	0.000000	0.000000	0.996057
2.085000	0.670831	0.199110	0.532982	0.671001	0.200925	0.534827	0.000000	0.000000	0.995550
2.090000	0.670831	0.199002	0.532982	0.671013	0.200949	0.534823	0.000000	0.000000	0.995012
2.095000	0.670831	0.198889	0.532982	0.671024	0.200966	0.534819	0.000000	0.000000	0.994443
2.100000	0.670831	0.198769	0.532982	0.671035	0.200976	0.534816	0.000000	0.000000	0.993844
2.105000	0.670831	0.198643	0.532982	0.671046	0.200981	0.534812	0.000000	0.000000	0.993215
2.110000	0.670831	0.198511	0.532982	0.671057	0.200978	0.534808	0.000000	0.000000	0.992555
2.115000	0.670831	0.198373	0.532982	0.671068	0.200970	0.534804	0.000000	0.000000	0.991864
2.120000	0.670831	0.198229	0.532982	0.671079	0.200955	0.534801	0.000000	0.000000	0.991144
2.125000	0.670831	0.198079	0.532982	0.671090	0.200934	0.534797	0.000000	0.000000	0.990393
2.130000	0.670831	0.197922	0.532982	0.671101	0.200907	0.534794	0.000000	0.000000	0.989611
2.135000	0.670831	0.197760	0.532982	0.671111	0.200873	0.534791	0.000000	0.000000	0.988800
2.140000	0.670831	0.197592	0.532982	0.671122	0.200834	0.534787	0.000000	0.000000	0.987958
2.145000	0.670831	0.197417	0.532982	0.671132	0.200787	0.534784	0.000000	0.000000	0.987087
2.150000	0.670831	0.197237	0.532982	0.671142	0.200735	0.534781	0.000000	0.000000	0.986185
2.155000	0.670831	0.197051	0.532982	0.671152	0.200676	0.534778	0.000000	0.000000	0.985253
2.160000	0.670831	0.196858	0.532982	0.671162	0.200610	0.534775	0.000000	0.000000	0.984292
2.165000	0.670831	0.196660	0.532982	0.671172	0.200539	0.534772	0.000000	0.000000	0.983300
2.170000	0.670831	0.196456	0.532982	0.671182	0.200461	0.534769	0.000000	0.000000	0.982279
2.175000	0.670831	0.196246	0.532982	0.671192	0.200377	0.534767	0.000000	0.000000	0.981228
2.180000	0.670831	0.196029	0.532982	0.671201	0.200286	0.534764	0.000000	0.000000	0.980147
2.185000	0.670831	0.195807	0.532982	0.671211	0.200190	0.534761	0.000000	0.000000	0.979036
2.190000	0.670831	0.195579	0.532982	0.671220	0.200087	0.534759	0.000000	0.000000	0.977897
2.195000	0.670831	0.195345	0.532982	0.671229	0.199977	0.534757	0.000000	0.000000	0.976727
2.200000	0.670831	0.195106	0.532982	0.671238	0.199862	0.534754	0.000000	0.000000	0.975528
2.205000	0.670831	0.194860	0.532982	0.671247	0.199740	0.534752	0.000000	0.000000	0.974300
2.210000	0.670831	0.194609	0.532982	0.671256	0.199612	0.534750	0.000000	0.000000	0.973043
2.215000	0.670831	0.194351	0.532982	0.671264	0.199477	0.534748	0.000000	0.000000	0.971756
2.220000	0.670831	0.194088	0.532982	0.671273	0.199337	0.534746	0.000000	0.000000	0.970440
2.225000	0.670831	0.193819	0.532982	0.671281	0.199190	0.534744	0.000000	0.000000	0.969096
2.230000	0.670831	0.193544	0.532982	0.671289	0.199037	0.534742	0.000000	0.000000	0.967722
2.235000	0.670831	0.193264	0.532982	0.671297	0.198877	0.534740	0.000000	0.000000	0.966320
2.240000	0.670831	0.192978	0.532982	0.671305	0.198712	0.534739	0.000000	0.000000	0.964888
2.245000	0.670831	0.192686	0.532982	0.671313	0.198540	0.534737	0.000000	0.000000	0.963428
2.250000	0.670831	0.192388	0.532982	0.671321	0.198362	0.534736	0.000000	0.000000	0.961940
2.255000	0.670831	0.192085	0.532982	0.671328	0.198178	0.534735	0.000000	0.000000	0.960423
2.260000	0.670831	0.191775	0.532982	0.671335	0.197988	0.534733	0.000000	0.000000	0.958877
2.265000	0.670831	0.191461	0.532982	0.671343	0.197791	0.534732	0.000000	0.000000	0.957304
2.270000	0.670831	0.191140	0.532982	0.671350	0.197589	0.534731	0.000000	0.000000	0.955702
2.275000	0.670831	0.190814	0.532982	0.671357	0.197380	0.534730	0.000000	0.000000	0.954072
2.280000	0.670831	0.190483	0.532982	0.671363	0.197165	0.534729	0.000000	0.000000	0.952414
2.285000	0.670831	0.190146	0.532982	0.671370	0.196945	0.534728	0.000000	0.000000	0.950728
2.290000	0.670831	0.189803	0.532982	0.671376	0.196718	0.534728	0.000000	0.000000	0.949014
2.295000	0.670831	0.189454	0.532982	0.671383	0.196485	0.534727	0.000000	0.000000	0.947272
2.300000	0.670831	0.189101	0.532982	0.671389	0.196245	0.534726	0.000000	0.000000	0.945503
2.305000	0.670831	0.188741	0.532982	0.671395	0.196000	0.534726	0.000000	0.000000	0.943707
2.310000	0.670831	0.188377	0.532982	0.671401	0.195749	0.534726	0.000000	0.000000	0.941883
2.315000	0.670831	0.188006	0.532982	0.671406	0.195492	0.534725	0.000000	0.000000	0.940032
2.320000	0.670831	0.187631	0.532982	0.671412	0.195229	0.534725	0.000000	0.000000	0.938153
2.325000	0.670831	0.187250	0.532982	0.671417	0.194960	0.534725	0.000000	0.000000	0.936248
2.330000	0.670831	0.186863	0.532982	0.671423	0.194685	0.534725	0.000000	0.000000	0.934316
2.335000	0.670831	0.186471	0.532982	0.671428	0.194404	0.534725	0.000000	0.000000	0.932357
2.340000	0.670831	0.186074	0.532982	0.671433	0.194117	0.534725	0.000000	0.000000	0.930371
2.345000	0.670831	0.185672	0.532982	0.671437	0.193824	0.534725	0.000000	0.000000	0.928359
2.350000	0.670831	0.185264	0.532982	0.671442	0.193525	0.534726	0.000000	0.000000	0.926320
2.355000	0.670831	0.184851	0.532982	0.671446	0.193221	0.534726	0.000000	0.000000	0.924255
2.360000	0.670831	0.184433	0.532982	0.671451	0.192910	0.534726	0.000000	0.000000	0.922164
2.365000	0.670831	0.184009	0.532982	0.671455	0.192594	0.534727	0.000000	0.000000	0.920047
2.370000	0.670831	0.183581	0.532982	0.671459	0.192272	0.534727	0.000000	0.000000	0.917904
2.375000	0.670831	0.183147	0.532982	0.671463	0.191944	0.534728	0.000000	0.000000	0.915735
2.380000	0.670831	0.182708	0.532982	0.671466	0.191610	0.534729	0.000000	0.000000	0.913540
2.385000	0.670831	0.182264	0.532982	0.671470	0.191271	0.534730	0.000000	0.000000	0.911320
2.390000	0.670831	0.181815	0.532982	0.671473	0.190926	0.534731	0.000000	0.000000	0.909075
2.395000	0.670831	0.181361	0.532982	0.671476	0.190575	0.534732	0.000000	0.000000	0.906804
2.400000	0.670831	0.180902	0.532982	0.671479	0.190219	0.534733	0.000000	0.000000	0.904508
2.405000	0.670831	0.180438	0.532982	0.671482	0.189857	0.534734	0.000000	0.000000	0.902188
2.410000	0.670831	0.179968	0.532982	0.671485	0.189489	0.534735	0.000000	0.000000	0.899842
2.415000	0.670831	0.179494	0.532982	0.671488	0.189116	0.534736	0.000000	0.000000	0.897472
2.420000	0.670831	0.179016	0.532982	0.671490	0.188737	0.534738	0.000000	0.000000	0.895078
2.425000	0.670831	0.178532	0.532982	0.671492	0.188353	0.534739	0.000000	0.000000	0.892658
2.430000	0.670831	0.178043	0.532982	0.671494	0.187963	0.534741	0.000000	0.000000	0.890215
2.435000	0.670831	0.177550	0.532982	0.671496	0.187568	0.534742	0.000000	0.000000	0.887748
2.440000	0.670831	0.177051	0.532982	0.671498	0.187167	0.534744	0.000000	0.000000	0.885257
2.445000	0.670831	0.176548	0.532982	0.671500	0.186761	0.534745	0.000000	0.000000	0.882742
2.450000	0.670831	0.176041	0.532982	0.671501	0.186349	0.534747	0.000000	0.000000	0.880203
2.455000	0.670831	0.175528	0.532982	0.671503	0.185932	0.534749	0.000000	0.000000	0.877641
2.460000	0.670831	0.175011	0.532982	0.671504	0.185510	0.534751	0.000000	0.000000	0.875056
2.465000	0.670831	0.174489	0.532982	0.671505	0.185082	0.534753	0.000000	0.000000	0.872447
2.470000	0.670831	0.173963	0.532982	0.671506	0.184649	0.534755	0.000000	0.000000	0.869816
2.475000	0.670831	0.173432	0.532982	0.671506	0.184211	0.534757	0.000000	0.000000	0.867161
2.480000	0.670831	0.172897	0.532982	0.671507	0.183767	0.534759	0.000000	0.000000	0.864484
2.485000	0.670831	0.172357	0.532982	0.671507	0.183319	0.534761	0.000000	0.000000	0.861785
2.490000	0.670831	0.171813	0.532982	0.671508	0.182865	0.534763	0.000000	0.000000	0.859063
2.495000	0.670831	0.171264	0.532982	0.671508	0.182406	0.534765	0.000000	0.000000	0.856319
2.500000	0.670831	0.170711	0.532982	0.671508	0.181942	0.534768	0.000000	0.000000	0.853553
2.505000	0.670831	0.170153	0.532982	0.671508	0.181472	0.534770	0.000000	0.000000	0.850766
2.510000	0.670831	0.169591	0.532982	0.671507	0.180998	0.534772	0.000000	0.000000	0.847956
2.515000	0.670831	0.169025	0.532982	0.671507	0.180519	0.534775	0.000000	0.000000	0.845126
2.520000	0.670831	0.168455	0.532982	0.671506	0.180034	0.534777	0.000000	0.000000	0.842274
2.525000	0.670831	0.167880	0.532982	0.671506	0.179545	0.534780	0.000000	0.000000	0.839400
2.530000	0.670831	0.167301	0.532982	0.671505	0.179051	0.534782	0.000000	0.000000	0.836506
2.535000	0.670831	0.166718	0.532982	0.671504	0.178552	0.534785	0.000000	0.000000	0.833591
2.540000	0.670831	0.166131	0.532982	0.671502	0.178048	0.534787	0.000000	0.000000	0.830656
2.545000	0.670831	0.165540	0.532982	0.671501	0.177539	0.534790	0.000000	0.000000	0.827700
2.550000	0.670831	0.164945	0.532982	0.671500	0.177026	0.534792	0.000000	0.000000	0.824724
2.555000	0.670831	0.164346	0.532982	0.671498	0.176507	0.534795	0.000000	0.000000	0.821728
2.560000	0.670831	0.163742	0.532982	0.671496	0.175984	0.534798	0.000000	0.000000	0.818712
2.565000	0.670831	0.163135	0.532982	0.671495	0.175456	0.534801	0.000000	0.000000	0.815676
2.570000	0.670831	0.162524	0.532982	0.671493	0.174924	0.534803	0.000000	0.000000	0.812621
2.575000	0.670831	0.161909	0.532982	0.671490	0.174387	0.534806	0.000000	0.000000	0.809547
2.580000	0.670831	0.161291	0.532982	0.671488	0.173845	0.534809	0.000000	0.000000	0.806454
2.585000	0.670831	0.160668	0.532982	0.671486	0.173299	0.534812	0.000000	0.000000	0.803341
2.590000	0.670831	0.160042	0.532982	0.671483	0.172748	0.534814	0.000000	0.000000	0.800210
2.595000	0.670831	0.159412	0.532982	0.671481	0.172193	0.534817	0.000000	0.000000	0.797061
2.600000	0.670831	0.158779	0.532982	0.671478	0.171633	0.534820	0.000000	0.000000	0.793893
2.605000	0.670831	0.158141	0.532982	0.671475	0.171069	0.534823	0.000000	0.000000	0.790707
2.610000	0.670831	0.157501	0.532982	0.671472	0.170501	0.534826	0.000000	0.000000	0.787503
2.615000	0.670831	0.156856	0.532982	0.671469	0.169928	0.534829	0.000000	0.000000	0.784281
2.620000	0.670831	0.156208	0.532982	0.671465	0.169351	0.534832	0.000000	0.000000	0.781042
2.625000	0.670831	0.155557	0.532982	0.671462	0.168770	0.534835	0.000000	0.000000	0.777785
2.630000	0.670831	0.154902	0.532982	0.671458	0.168184	0.534838	0.000000	0.000000	0.774511
2.635000	0.670831	0.154244	0.532982	0.671455	0.167594	0.534840	0.000000	0.000000	0.771221
2.640000	0.670831	0.153583	0.532982	0.671451	0.167000	0.534843	0.000000	0.000000	0.767913
2.645000	0.670831	0.152918	0.532982	0.671447	0.166402	0.534846	0.000000	0.000000	0.764590
2.650000	0.670831	0.152250	0.532982	0.671443	0.165800	0.534849	0.000000	0.000000	0.761249
2.655000	0.670831	0.151579	0.532982	0.671439	0.165194	0.534852	0.000000	0.000000	0.757893
2.660000	0.670831	0.150904	0.532982	0.671435	0.164584	0.534855	0.000000	0.000000	0.754521
2.665000	0.670831	0.150227	0.532982	0.671430	0.163970	0.534858	0.000000	0.000000	0.751133
2.670000	0.670831	0.149546	0.532982	0.671426	0.163352	0.534861	0.000000	0.000000	0.747729
2.675000	0.670831	0.148862	0.532982	0.671421	0.162730	0.534863	0.000000	0.000000	0.744311
2.680000	0.670831	0.148175	0.532982	0.671416	0.162105	0.534866	0.000000	0.000000	0.740877
2.685000	0.670831	0.147486	0.532982	0.671412	0.161475	0.534869	0.000000	0.000000	0.737428
2.690000	0.670831	0.146793	0.532982	0.671407	0.160842	0.534872	0.000000	0.000000	0.733965
2.695000	0.670831	0.146097	0.532982	0.671401	0.160205	0.534875	0.000000	0.000000	0.730487
2.700000	0.670831	0.145399	0.532982	0.671396	0.159565	0.534877	0.000000	0.000000	0.726995
2.705000	0.670831	0.144698	0.532982	0.671391	0.158920	0.534880	0.000000	0.000000	0.723489
2.710000	0.670831	0.143994	0.532982	0.671386	0.158273	0.534883	0.000000	0.000000	0.719970
2.715000	0.670831	0.143287	0.532982	0.671380	0.157621	0.534886	0.000000	0.000000	0.716436
2.720000	0.670831	0.142578	0.532982	0.671375	0.156966	0.534888	0.000000	0.000000	0.712890
2.725000	0.670831	0.141866	0.532982	0.671369	0.156308	0.534891	0.000000	0.000000	0.709330
2.730000	0.670831	0.141151	0.532982	0.671363	0.155646	0.534893	0.000000	0.000000	0.705757
2.735000	0.670831	0.140434	0.532982	0.671357	0.154981	0.534896	0.000000	0.000000	0.702172
2.740000	0.670831	0.139715	0.532982	0.671351	0.154313	0.534899	0.000000	0.000000	0.698574
2.745000	0.670831	0.138993	0.532982	0.671345	0.153641	0.534901	0.000000	0.000000	0.694964
2.750000	0.670831	0.138268	0.532982	0.671339	0.152966	0.534903	0.000000	0.000000	0.691342
2.755000	0.670831	0.137542	0.532982	0.671333	0.152288	0.534906	0.000000	0.000000	0.687708
2.760000	0.670831	0.136812	0.532982	0.671326	0.151607	0.534908	0.000000	0.000000	0.684062
2.765000	0.670831	0.136081	0.532982	0.671320	0.150922	0.534911	0.000000	0.000000	0.680405
2.770000	0.670831	0.135347	0.532982	0.671313	0.150235	0.534913	0.000000	0.000000	0.676737
2.775000	0.670831	0.134612	0.532982	0.671306	0.149544	0.534915	0.000000	0.000000	0.673059
2.780000	0.670831	0.133874	0.532982	0.671300	0.148851	0.534917	0.000000	0.000000	0.669369
2.785000	0.670831	0.133134	0.532982	0.671293	0.148154	0.534919	0.000000	0.000000	0.665669
2.790000	0.670831	0.132392	0.532982	0.671286	0.147455	0.534921	0.000000	0.000000	0.661959
2.795000	0.670831	0.131648	0.532982	0.671279	0.146753	0.534923	0.000000	0.000000	0.658238
2.800000	0.670831	0.130902	0.532982	0.671272	0.146048	0.534925	0.000000	0.000000	0.654508
2.805000	0.670831	0.130154	0.532982	0.671265	0.145340	0.534927	0.000000	0.000000	0.650769
2.810000	0.670831	0.129404	0.532982	0.671257	0.144629	0.534929	0.000000	0.000000	0.647020
2.815000	0.670831	0.128652	0.532982	0.671250	0.143916	0.534931	0.000000	0.000000	0.643262
2.820000	0.670831	0.127899	0.532982	0.671243	0.143200	0.534933	0.000000	0.000000	0.639496
2.825000	0.670831	0.127144	0.532982	0.671235	0.142482	0.534934	0.000000	0.000000	0.635720
2.830000	0.670831	0.126387	0.532982	0.671227	0.141761	0.534936	0.000000	0.000000	0.631937
2.835000	0.670831	0.125629	0.532982	0.671220	0.141037	0.534938	0.000000	0.000000	0.628145
2.840000	0.670831	0.124869	0.532982	0.671212	0.140311	0.534939	0.000000	0.000000	0.624345
2.845000	0.670831	0.124108	0.532982	0.671204	0.139583	0.534940	0.000000	0.000000	0.620538
2.850000	0.670831	0.123345	0.532982	0.671196	0.138852	0.534942	0.000000	0.000000	0.616723
2.855000	0.670831	0.122580	0.532982	0.671188	0.138119	0.534943	0.000000	0.000000	0.612901
2.860000	0.670831	0.121814	0.532982	0.671180	0.137384	0.534944	0.000000	0.000000	0.609072
2.865000	0.670831	0.121047	0.532982	0.671172	0.136646	0.534945	0.000000	0.000000	0.605236
2.870000	0.670831	0.120279	0.532982	0.671164	0.135906	0.534946	0.000000	0.000000	0.601394
2.875000	0.670831	0.119509	0.532982	0.671156	0.135165	0.534947	0.000000	0.000000	0.597545
2.880000	0.670831	0.118738	0.532982	0.671148	0.134421	0.534948	0.000000	0.000000	0.593691
2.885000	0.670831	0.117966	0.532982	0.671139	0.133675	0.534949	0.000000	0.000000	0.589830
2.890000	0.670831	0.117193	0.532982	0.671131	0.132927	0.534950	0.000000	0.000000	0.585965
2.895000	0.670831	0.116419	0.532982	0.671123	0.132177	0.534950	0.000000	0.000000	0.582093
2.900000	0.670831	0.115643	0.532982	0.671114	0.131425	0.534951	0.000000	0.000000	0.578217
2.905000	0.670831	0.114867	0.532982	0.671106	0.130671	0.534951	0.000000	0.000000	0.574336
2.910000	0.670831	0.114090	0.532982	0.671097	0.129916	0.534952	0.000000	0.000000	0.570451
2.915000	0.670831	0.113312	0.532982	0.671088	0.129159	0.534952	0.000000	0.000000	0.566561
2.920000	0.670831	0.112533	0.532982	0.671080	0.128400	0.534952	0.000000	0.000000	0.562667
2.925000	0.670831	0.111754	0.532982	0.671071	0.127639	0.534952	0.000000	0.000000	0.558769
2.930000	0.670831	0.110973	0.532982	0.671062	0.126877	0.534952	0.000000	0.000000	0.554867
2.935000	0.670831	0.110192	0.532982	0.671053	0.126113	0.534952	0.000000	0.000000	0.550962
2.940000	0.670831	0.109411	0.532982	0.671044	0.125348	0.534952	0.000000	0.000000	0.547054
2.945000	0.670831	0.108629	0.532982	0.671035	0.124581	0.534952	0.000000	0.000000	0.543143
2.950000	0.670831	0.107846	0.532982	0.671026	0.123813	0.534952	0.000000	0.000000	0.539230
2.955000	0.670831	0.107063	0.532982	0.671017	0.123043	0.534951	0.000000	0.000000	0.535313
2.960000	0.670831	0.106279	0.532982	0.671008	0.122272	0.534951	0.000000	0.000000	0.531395
2.965000	0.670831	0.105495	0.532982	0.670999	0.121500	0.534950	0.000000	0.000000	0.527475
2.970000	0.670831	0.104711	0.532982	0.670990	0.120727	0.534949	0.000000	0.000000	0.523553
2.975000	0.670831	0.103926	0.532982	0.670981	0.119952	0.534949	0.000000	0.000000	0.519630
2.980000	0.670831	0.103141	0.532982	0.670972	0.119176	0.534948	0.000000	0.000000	0.515705
2.985000	0.670831	0.102356	0.532982	0.670963	0.118399	0.534947	0.000000	0.000000	0.511780
2.990000	0.670831	0.101571	0.532982	0.670953	0.117621	0.534946	0.000000	0.000000	0.507854
2.995000	0.670831	0.100785	0.532982	0.670944	0.116842	0.534944	0.000000	0.000000	0.503927
3.000000	0.670831	0.100000	0.532982	0.670935	0.116062	0.534943	0.000000	0.000000	0.500000
3.005000	0.670831	0.099215	0.532982	0.670926	0.115282	0.534942	0.000000	0.000000	0.496073
3.010000	0.670831	0.098429	0.532982	0.670916	0.114500	0.534940	0.000000	0.000000	0.492146
3.015000	0.670831	0.097644	0.532982	0.670907	0.113717	0.534938	0.000000	0.000000	0.488220
3.020000	0.670831	0.096859	0.532982	0.670898	0.112934	0.534937	0.000000	0.000000	0.484295
3.025000	0.670831	0.096074	0.532982	0.670888	0.112150	0.534935	0.000000	0.000000	0.480370
3.030000	0.670831	0.095289	0.532982	0.670879	0.111366	0.534933	0.000000	0.000000	0.476447
3.035000	0.670831	0.094505	0.532982	0.670870	0.110580	0.534931	0.000000	0.000000	0.472525
3.040000	0.670831	0.093721	0.532982	0.670860	0.109795	0.534928	0.000000	0.000000	0.468605
3.045000	0.670831	0.092937	0.532982	0.670851	0.109008	0.534926	0.000000	0.000000	0.464687
3.050000	0.670831	0.092154	0.532982	0.670841	0.108221	0.534924	0.000000	0.000000	0.460770
3.055000	0.670831	0.091371	0.532982	0.670832	0.107434	0.534921	0.000000	0.000000	0.456857
3.060000	0.670831	0.090589	0.532982	0.670823	0.106647	0.534919	0.000000	0.000000	0.452946
3.065000	0.670831	0.089808	0.532982	0.670813	0.105859	0.534916	0.000000	0.000000	0.449038
3.070000	0.670831	0.089027	0.532982	0.670804	0.105070	0.534913	0.000000	0.000000	0.445133
3.075000	0.670831	0.088246	0.532982	0.670794	0.104282	0.534910	0.000000	0.000000	0.441231
3.080000	0.670831	0.087467	0.532982	0.670785	0.103493	0.534907	0.000000	0.000000	0.437333
3.085000	0.670831	0.086688	0.532982	0.670776	0.102705	0.534904	0.000000	0.000000	0.433439
3.090000	0.670831	0.085910	0.532982	0.670766	0.101916	0.534901	0.000000	0.000000	0.429549
3.095000	0.670831	0.085133	0.532982	0.670757	0.101127	0.534897	0.000000	0.000000	0.425664
3.100000	0.670831	0.084357	0.532982	0.670748	0.100338	0.534894	0.000000	0.000000	0.421783
3.105000	0.670831	0.083581	0.532982	0.670738	0.099549	0.534890	0.000000	0.000000	0.417907
3.110000	0.670831	0.082807	0.532982	0.670729	0.098760	0.534886	0.000000	0.000000	0.414035
3.115000	0.670831	0.082034	0.532982	0.670720	0.097972	0.534882	0.000000	0.000000	0.410170
3.120000	0.670831	0.081262	0.532982	0.670711	0.097183	0.534878	0.000000	0.000000	0.406309
3.125000	0.670831	0.080491	0.532982	0.670701	0.096395	0.534874	0.000000	0.000000	0.402455
3.130000	0.670831	0.079721	0.532982	0.670692	0.095607	0.534870	0.000000	0.000000	0.398606
3.135000	0.670831	0.078953	0.532982	0.670683	0.094820	0.534866	0.000000	0.000000	0.394764
3.140000	0.670831	0.078186	0.532982	0.670674	0.094033	0.534861	0.000000	0.000000	0.390928
3.145000	0.670831	0.077420	0.532982	0.670665	0.093246	0.534857	0.000000	0.000000	0.387099
3.150000	0.670831	0.076655	0.532982	0.670656	0.092460	0.534852	0.000000	0.000000	0.383277
3.155000	0.670831	0.075892	0.532982	0.670647	0.091674	0.534847	0.000000	0.000000	0.379462
3.160000	0.670831	0.075131	0.532982	0.670638	0.090889	0.534842	0.000000	0.000000	0.375655
3.165000	0.670831	0.074371	0.532982	0.670629	0.090104	0.534837	0.000000	0.000000	0.371855
3.170000	0.670831	0.073613	0.532982	0.670620	0.089321	0.534832	0.000000	0.000000	0.368063
3.175000	0.670831	0.072856	0.532982	0.670611	0.088538	0.534827	0.000000	0.000000	0.364280
3.180000	0.670831	0.072101	0.532982	0.670602	0.087755	0.534821	0.000000	0.000000	0.360504
3.185000	0.670831	0.071348	0.532982	0.670594	0.086974	0.534816	0.000000	0.000000	0.356738
3.190000	0.670831	0.070596	0.532982	0.670585	0.086193	0.534810	0.000000	0.000000	0.352980
3.195000	0.670831	0.069846	0.532982	0.670576	0.085413	0.534805	0.000000	0.000000	0.349231
3.200000	0.670831	0.069098	0.532982	0.670568	0.084635	0.534799	0.000000	0.000000	0.345492
3.205000	0.670831	0.068352	0.532982	0.670559	0.083857	0.534793	0.000000	0.000000	0.341762
3.210000	0.670831	0.067608	0.532982	0.670551	0.083080	0.534787	0.000000	0.000000	0.338041
3.215000	0.670831	0.066866	0.532982	0.670542	0.082305	0.534781	0.000000	0.000000	0.334331
3.220000	0.670831	0.066126	0.532982	0.670534	0.081530	0.534774	0.000000	0.000000	0.330631
3.225000	0.670831	0.065388	0.532982	0.670526	0.080757	0.534768	0.000000	0.000000	0.326941
3.230000	0.670831	0.064653	0.532982	0.670517	0.079985	0.534761	0.000000	0.000000	0.323263
3.235000	0.670831	0.063919	0.532982	0.670509	0.079214	0.534755	0.000000	0.000000	0.319595
3.240000	0.670831	0.063188	0.532982	0.670501	0.078445	0.534748	0.000000	0.000000	0.315938
3.245000	0.670831	0.062458	0.532982	0.670493	0.077677	0.534741	0.000000	0.000000	0.312292
3.250000	0.670831	0.061732	0.532982	0.670485	0.076910	0.534734	0.000000	0.000000	0.308658
3.255000	0.670831	0.061007	0.532982	0.670477	0.076145	0.534727	0.000000	0.000000	0.305036
3.260000	0.670831	0.060285	0.532982	0.670470	0.075381	0.534720	0.000000	0.000000	0.301426
3.265000	0.670831	0.059566	0.532982	0.670462	0.074619	0.534713	0.000000	0.000000	0.297828
3.270000	0.670831	0.058849	0.532982	0.670454	0.073858	0.534706	0.000000	0.000000	0.294243
3.275000	0.670831	0.058134	0.532982	0.670447	0.073100	0.534698	0.000000	0.000000	0.290670
3.280000	0.670831	0.057422	0.532982	0.670439	0.072342	0.534690	0.000000	0.000000	0.287110
3.285000	0.670831	0.056713	0.532982	0.670432	0.071587	0.534683	0.000000	0.000000	0.283564
3.290000	0.670831	0.056006	0.532982	0.670425	0.070833	0.534675	0.000000	0.000000	0.280030
3.295000	0.670831	0.055302	0.532982	0.670418	0.070082	0.534667	0.000000	0.000000	0.276511
3.300000	0.670831	0.054601	0.532982	0.670411	0.069332	0.534659	0.000000	0.000000	0.273005
3.305000	0.670831	0.053903	0.532982	0.670404	0.068584	0.534651	0.000000	0.000000	0.269513
3.310000	0.670831	0.053207	0.532982	0.670397	0.067838	0.534643	0.000000	0.000000	0.266035
3.315000	0.670831	0.052514	0.532982	0.670390	0.067094	0.534635	0.000000	0.000000	0.262572
3.320000	0.670831	0.051825	0.532982	0.670383	0.066352	0.534626	0.000000	0.000000	0.259123
3.325000	0.670831	0.051138	0.532982	0.670377	0.065612	0.534618	0.000000	0.000000	0.255689
3.330000	0.670831	0.050454	0.532982	0.670370	0.064874	0.534609	0.000000	0.000000	0.252271
3.335000	0.670831	0.049773	0.532982	0.670364	0.064139	0.534600	0.000000	0.000000	0.248867
3.340000	0.670831	0.049096	0.532982	0.670358	0.063405	0.534592	0.000000	0.000000	0.245479
3.345000	0.670831	0.048421	0.532982	0.670351	0.062674	0.534583	0.000000	0.000000	0.242107
3.350000	0.670831	0.047750	0.532982	0.670345	0.061946	0.534574	0.000000	0.000000	0.238751
3.355000	0.670831	0.047082	0.532982	0.670339	0.061219	0.534565	0.000000	0.000000	0.235410
3.360000	0.670831	0.046417	0.532982	0.670334	0.060495	0.534556	0.000000	0.000000	0.232087
3.365000	0.670831	0.045756	0.532982	0.670328	0.059774	0.534546	0.000000	0.000000	0.228779
3.370000	0.670831	0.045098	0.532982	0.670322	0.059055	0.534537	0.000000	0.000000	0.225489
3.375000	0.670831	0.044443	0.532982	0.670317	0.058338	0.534528	0.000000	0.000000	0.222215
3.380000	0.670831	0.043792	0.532982	0.670311	0.057624	0.534518	0.000000	0.000000	0.218958
3.385000	0.670831	0.043144	0.532982	0.670306	0.056913	0.534509	0.000000	0.000000	0.215719
3.390000	0.670831	0.042499	0.532982	0.670301	0.056205	0.534499	0.000000	0.000000	0.212497
3.395000	0.670831	0.041859	0.532982	0.670296	0.055499	0.534489	0.000000	0.000000	0.209293
3.400000	0.670831	0.041221	0.532982	0.670291	0.054796	0.534479	0.000000	0.000000	0.206107
3.405000	0.670831	0.040588	0.532982	0.670287	0.054095	0.534470	0.000000	0.000000	0.202939
3.410000	0.670831	0.039958	0.532982	0.670282	0.053398	0.534460	0.000000	0.000000	0.199790
3.415000	0.670831	0.039332	0.532982	0.670277	0.052703	0.534450	0.000000	0.000000	0.196659
3.420000	0.670831	0.038709	0.532982	0.670273	0.052011	0.534439	0.000000	0.000000	0.193546
3.425000	0.670831	0.038091	0.532982	0.670269	0.051322	0.534429	0.000000	0.000000	0.190453
3.430000	0.670831	0.037476	0.532982	0.670265	0.050637	0.534419	0.000000	0.000000	0.187379
3.435000	0.670831	0.036865	0.532982	0.670261	0.049954	0.534409	0.000000	0.000000	0.184324
3.440000	0.670831	0.036258	0.532982	0.670257	0.049274	0.534398	0.000000	0.000000	0.181288
3.445000	0.670831	0.035654	0.532982	0.670253	0.048598	0.534388	0.000000	0.000000	0.178272
3.450000	0.670831	0.035055	0.532982	0.670249	0.047924	0.534377	0.000000	0.000000	0.175276
3.455000	0.670831	0.034460	0.532982	0.670246	0.047254	0.534367	0.000000	0.000000	0.172300
3.460000	0.670831	0.033869	0.532982	0.670243	0.046587	0.534356	0.000000	0.000000	0.169344
3.465000	0.670831	0.033282	0.532982	0.670239	0.045923	0.534345	0.000000	0.000000	0.166409
3.470000	0.670831	0.032699	0.532982	0.670236	0.045263	0.534335	0.000000	0.000000	0.163494
3.475000	0.670831	0.032120	0.532982	0.670234	0.044606	0.534324	0.000000	0.000000	0.160600
3.480000	0.670831	0.031545	0.532982	0.670231	0.043952	0.534313	0.000000	0.000000	0.157726
3.485000	0.670831	0.030975	0.532982	0.670228	0.043302	0.534302	0.000000	0.000000	0.154874
3.490000	0.670831	0.030409	0.532982	0.670226	0.042656	0.534291	0.000000	0.000000	0.152044
3.495000	0.670831	0.029847	0.532982	0.670223	0.042012	0.534280	0.000000	0.000000	0.149234
3.500000	0.670831	0.029289	0.532982	0.670221	0.041373	0.534269	0.000000	0.000000	0.146447
3.505000	0.670831	0.028736	0.532982	0.670219	0.040737	0.534258	0.000000	0.000000	0.143681
3.510000	0.670831	0.028187	0.532982	0.670217	0.040104	0.534247	0.000000	0.000000	0.140937
3.515000	0.670831	0.027643	0.532982	0.670215	0.039476	0.534236	0.000000	0.000000	0.138215
3.520000	0.670831	0.027103	0.532982	0.670213	0.038851	0.534224	0.000000	0.000000	0.135516
3.525000	0.670831	0.026568	0.532982	0.670212	0.038229	0.534213	0.000000	0.000000	0.132839
3.530000	0.670831	0.026037	0.532982	0.670211	0.037612	0.534202	0.000000	0.000000	0.130184
3.535000	0.670831	0.025511	0.532982	0.670209	0.036998	0.534191	0.000000	0.000000	0.127553
3.540000	0.670831	0.024989	0.532982	0.670208	0.036388	0.534179	0.000000	0.000000	0.124944
3.545000	0.670831	0.024472	0.532982	0.670207	0.035782	0.534168	0.000000	0.000000	0.122359
3.550000	0.670831	0.023959	0.532982	0.670206	0.035180	0.534156	0.000000	0.000000	0.119797
3.555000	0.670831	0.023452	0.532982	0.670206	0.034582	0.534145	0.000000	0.000000	0.117258
3.560000	0.670831	0.022949	0.532982	0.670205	0.033988	0.534133	0.000000	0.000000	0.114743
3.565000	0.670831	0.022450	0.532982	0.670205	0.033398	0.534122	0.000000	0.000000	0.112252
3.570000	0.670831	0.021957	0.532982	0.670204	0.032812	0.534110	0.000000	0.000000	0.109785
3.575000	0.670831	0.021468	0.532982	0.670204	0.032230	0.534099	0.000000	0.000000	0.107342
3.580000	0.670831	0.020984	0.532982	0.670204	0.031652	0.534087	0.000000	0.000000	0.104922
3.585000	0.670831	0.020506	0.532982	0.670205	0.031079	0.534076	0.000000	0.000000	0.102528
3.590000	0.670831	0.020032	0.532982	0.670205	0.030510	0.534064	0.000000	0.000000	0.100158
3.595000	0.670831	0.019562	0.532982	0.670205	0.029944	0.534053	0.000000	0.000000	0.097812
3.600000	0.670831	0.019098	0.532982	0.670206	0.029384	0.534041	0.000000	0.000000	0.095492
3.605000	0.670831	0.018639	0.532982	0.670207	0.028827	0.534029	0.000000	0.000000	0.093196
3.610000	0.670831	0.018185	0.532982	0.670207	0.028275	0.534018	0.000000	0.000000	0.090925
3.615000	0.670831	0.017736	0.532982	0.670208	0.027727	0.534006	0.000000	0.000000	0.088680
3.620000	0.670831	0.017292	0.532982	0.670209	0.027184	0.533995	0.000000	0.000000	0.086460
3.625000	0.670831	0.016853	0.532982	0.670211	0.026645	0.533983	0.000000	0.000000	0.084265
3.630000	0.670831	0.016419	0.532982	0.670212	0.026110	0.533972	0.000000	0.000000	0.082096
3.635000	0.670831	0.015991	0.532982	0.670214	0.025580	0.533960	0.000000	0.000000	0.079953
3.640000	0.670831	0.015567	0.532982	0.670215	0.025055	0.533948	0.000000	0.000000	0.077836
3.645000	0.670831	0.015149	0.532982	0.670217	0.024534	0.533937	0.000000	0.000000	0.075745
3.650000	0.670831	0.014736	0.532982	0.670219	0.024018	0.533925	0.000000	0.000000	0.073680
3.655000	0.670831	0.014328	0.532982	0.670221	0.023506	0.533914	0.000000	0.000000	0.071641
3.660000	0.670831	0.013926	0.532982	0.670223	0.023000	0.533902	0.000000	0.000000	0.069629
3.665000	0.670831	0.013529	0.532982	0.670225	0.022497	0.533891	0.000000	0.000000	0.067643
3.670000	0.670831	0.013137	0.532982	0.670228	0.022000	0.533879	0.000000	0.000000	0.065684
3.675000	0.670831	0.012750	0.532982	0.670230	0.021507	0.533868	0.000000	0.000000	0.063752
3.680000	0.670831	0.012369	0.532982	0.670233	0.021019	0.533857	0.000000	0.000000	0.061847
3.685000	0.670831	0.011994	0.532982	0.670236	0.020536	0.533845	0.000000	0.000000	0.059968
3.690000	0.670831	0.011623	0.532982	0.670239	0.020058	0.533834	0.000000	0.000000	0.058117
3.695000	0.670831	0.011259	0.532982	0.670242	0.019584	0.533822	0.000000	0.000000	0.056293
3.700000	0.670831	0.010899	0.532982	0.670245	0.019116	0.533811	0.000000	0.000000	0.054497
3.705000	0.670831	0.010546	0.532982	0.670248	0.018652	0.533800	0.000000	0.000000	0.052728
3.710000	0.670831	0.010197	0.532982	0.670252	0.018194	0.533789	0.000000	0.000000	0.050986
3.715000	0.670831	0.009854	0.532982	0.670255	0.017740	0.533778	0.000000	0.000000	0.049272
3.720000	0.670831	0.009517	0.532982	0.670259	0.017291	0.533767	0.000000	0.000000	0.047586
3.725000	0.670831	0.009186	0.532982	0.670263	0.016848	0.533756	0.000000	0.000000	0.045928
3.730000	0.670831	0.008860	0.532982	0.670266	0.016409	0.533745	0.000000	0.000000	0.044298
3.735000	0.670831	0.008539	0.532982	0.670270	0.015976	0.533734	0.000000	0.000000	0.042696
3.740000	0.670831	0.008225	0.532982	0.670274	0.015548	0.533723	0.000000	0.000000	0.041123
3.745000	0.670831	0.007915	0.532982	0.670279	0.015125	0.533712	0.000000	0.000000	0.039577
3.750000	0.670831	0.007612	0.532982	0.670283	0.014707	0.533701	0.000000	0.000000	0.038060
3.755000	0.670831	0.007314	0.532982	0.670287	0.014294	0.533690	0.000000	0.000000	0.036572
3.760000	0.670831	0.007022	0.532982	0.670292	0.013887	0.533680	0.000000	0.000000	0.035112
3.765000	0.670831	0.006736	0.532982	0.670296	0.013484	0.533669	0.000000	0.000000	0.033680
3.770000	0.670831	0.006456	0.532982	0.670301	0.013087	0.533659	0.000000	0.000000	0.032278
3.775000	0.670831	0.006181	0.532982	0.670306	0.012696	0.533648	0.000000	0.000000	0.030904
3.780000	0.670831	0.005912	0.532982	0.670311	0.012310	0.533638	0.000000	0.000000	0.029560
3.785000	0.670831	0.005649	0.532982	0.670316	0.011929	0.533628	0.000000	0.000000	0.028244
3.790000	0.670831	0.005391	0.532982	0.670321	0.011553	0.533617	0.000000	0.000000	0.026957
3.795000	0.670831	0.005140	0.532982	0.670326	0.011183	0.533607	0.000000	0.000000	0.025700
3.800000	0.670831	0.004894	0.532982	0.670331	0.010818	0.533597	0.000000	0.000000	0.024472
3.805000	0.670831	0.004655	0.532982	0.670336	0.010459	0.533587	0.000000	0.000000	0.023273
3.810000	0.670831	0.004421	0.532982	0.670341	0.010105	0.533577	0.000000	0.000000	0.022103
3.815000	0.670831	0.004193	0.532982	0.670347	0.009757	0.533568	0.000000	0.000000	0.020964
3.820000	0.670831	0.003971	0.532982	0.670352	0.009414	0.533558	0.000000	0.000000	0.019853
3.825000	0.670831	0.003754	0.532982	0.670358	0.009077	0.533548	0.000000	0.000000	0.018772
3.830000	0.670831	0.003544	0.532982	0.670364	0.008745	0.533539	0.000000	0.000000	0.017721
3.835000	0.670831	0.003340	0.532982	0.670369	0.008419	0.533529	0.000000	0.000000	0.016700
3.840000	0.670831	0.003142	0.532982	0.670375	0.008098	0.533520	0.000000	0.000000	0.015708
3.845000	0.670831	0.002949	0.532982	0.670381	0.007783	0.533511	0.000000	0.000000	0.014747
3.850000	0.670831	0.002763	0.532982	0.670387	0.007474	0.533502	0.000000	0.000000	0.013815
3.855000	0.670831	0.002583	0.532982	0.670393	0.007170	0.533493	0.000000	0.000000	0.012913
3.860000	0.670831	0.002408	0.532982	0.670399	0.006872	0.533484	0.000000	0.000000	0.012042
3.865000	0.670831	0.002240	0.532982	0.670405	0.006580	0.533475	0.000000	0.000000	0.011200
3.870000	0.670831	0.002078	0.532982	0.670411	0.006293	0.533467	0.000000	0.000000	0.010389
3.875000	0.670831	0.001921	0.532982	0.670417	0.006012	0.533458	0.000000	0.000000	0.009607
3.880000	0.670831	0.001771	0.532982	0.670424	0.005737	0.533450	0.000000	0.000000	0.008856
3.885000	0.670831	0.001627	0.532982	0.670430	0.005468	0.533441	0.000000	0.000000	0.008136
3.890000	0.670831	0.001489	0.532982	0.670436	0.005205	0.533433	0.000000	0.000000	0.007445
3.895000	0.670831	0.001357	0.532982	0.670443	0.004947	0.533425	0.000000	0.000000	0.006785
3.900000	0.670831	0.001231	0.532982	0.670449	0.004695	0.533417	0.000000	0.000000	0.006156
3.905000	0.670831	0.001111	0.532982	0.670455	0.004449	0.533409	0.000000	0.000000	0.005557
3.910000	0.670831	0.000998	0.532982	0.670462	0.004208	0.533402	0.000000	0.000000	0.004988
3.915000	0.670831	0.000890	0.532982	0.670468	0.003974	0.533394	0.000000	0.000000	0.004450
3.920000	0.670831	0.000789	0.532982	0.670475	0.003746	0.533387	0.000000	0.000000	0.003943
3.925000	0.670831	0.000693	0.532982	0.670481	0.003523	0.533379	0.000000	0.000000	0.003466
3.930000	0.670831	0.000604	0.532982	0.670488	0.003306	0.533372	0.000000	0.000000	0.003020
3.935000	0.670831	0.000521	0.532982	0.670494	0.003095	0.533365	0.000000	0.000000	0.002604
3.940000	0.670831	0.000444	0.532982	0.670501	0.002891	0.533358	0.000000	0.000000	0.002219
3.945000	0.670831	0.000373	0.532982	0.670508	0.002692	0.533352	0.000000	0.000000	0.001865
3.950000	0.670831	0.000308	0.532982	0.670514	0.002499	0.533345	0.000000	0.000000	0.001541
3.955000	0.670831	0.000250	0.532982	0.670521	0.002312	0.533339	0.000000	0.000000	0.001249
3.960000	0.670831	0.000197	0.532982	0.670527	0.002131	0.533332	0.000000	0.000000	0.000987
3.965000	0.670831	0.000151	0.532982	0.670534	0.001956	0.533326	0.000000	0.000000	0.000755
3.970000	0.670831	0.000111	0.532982	0.670541	0.001787	0.533320	0.000000	0.000000	0.000555
3.975000	0.670831	0.000077	0.532982	0.670547	0.001624	0.533314	0.000000	0.000000	0.000385
3.980000	0.670831	0.000049	0.532982	0.670554	0.001467	0.533309	0.000000	0.000000	0.000247
3.985000	0.670831	0.000028	0.532982	0.670561	0.001316	0.533303	0.000000	0.000000	0.000139
3.990000	0.670831	0.000012	0.532982	0.670567	0.001171	0.533298	0.000000	0.000000	0.000062
3.995000	0.670831	0.000003	0.532982	0.670574	0.001032	0.533293	0.000000	0.000000	0.000015
4.000000	0.670831	0.000000	0.532982	0.670580	0.000899	0.533288	0.000000	0.000000	0.000000
