Time [s]	q1 [rad]	q2 [rad]	q3 [rad]	q4 [rad]	q5 [rad]	q6 [rad]	q7 [rad]
0.000000	0.000000	0.698132	0.000000	-1.047198	0.000000	1.308997	0.000000
0.005000	-0.000000	0.698132	0.000000	-1.047198	0.000000	1.308997	-0.000000
0.010000	-0.000000	0.698132	0.000000	-1.047197	0.000001	1.308997	-0.000000
0.015000	-0.000000	0.698132	0.000000	-1.047197	0.000002	1.308997	-0.000000
0.020000	-0.000000	0.698132	0.000001	-1.047197	0.000004	1.308998	-0.000000
0.025000	-0.000000	0.698132	0.000002	-1.047197	0.000009	1.308999	-0.000001
0.030000	-0.000000	0.698132	0.000004	-1.047196	0.000016	1.309000	-0.000001
0.035000	-0.000000	0.698132	0.000006	-1.047194	0.000027	1.309002	-0.000002
0.040000	-0.000000	0.698133	0.000009	-1.047193	0.000042	1.309005	-0.000002
0.045000	-0.000001	0.698133	0.000014	-1.047190	0.000062	1.309008	-0.000003
0.050000	-0.000001	0.698134	0.000020	-1.047187	0.000089	1.309013	-0.000004
0.055000	-0.000001	0.698134	0.000028	-1.047184	0.000123	1.309019	-0.000006
0.060000	-0.000002	0.698135	0.000038	-1.047179	0.000165	1.309027	-0.000007
0.065000	-0.000002	0.698136	0.000051	-1.047173	0.000216	1.309037	-0.000009
0.070000	-0.000003	0.698138	0.000066	-1.047167	0.000277	1.309048	-0.000010
0.075000	-0.000003	0.698139	0.000083	-1.047159	0.000349	1.309061	-0.000012
0.080000	-0.000004	0.698141	0.000105	-1.047150	0.000433	1.309077	-0.000014
0.085000	-0.000005	0.698143	0.000129	-1.047139	0.000530	1.309095	-0.000016
0.090000	-0.000007	0.698146	0.000158	-1.047127	0.000641	1.309116	-0.000018
0.095000	-0.000008	0.698149	0.000191	-1.047114	0.000766	1.309139	-0.000020
0.100000	-0.000010	0.698152	0.000228	-1.047100	0.000907	1.309165	-0.000022
0.105000	-0.000012	0.698156	0.000270	-1.047083	0.001064	1.309195	-0.000024
0.110000	-0.000014	0.698160	0.000317	-1.047065	0.001238	1.309227	-0.000026
0.115000	-0.000017	0.698164	0.000370	-1.047046	0.001429	1.309263	-0.000028
0.120000	-0.000019	0.698169	0.000428	-1.047025	0.001639	1.309302	-0.000030
0.125000	-0.000022	0.698175	0.000492	-1.047002	0.001868	1.309345	-0.000031
0.130000	-0.000026	0.698181	0.000563	-1.046977	0.002116	1.309392	-0.000033
0.135000	-0.000030	0.698188	0.000640	-1.046951	0.002384	1.309442	-0.000035
0.140000	-0.000034	0.698195	0.000725	-1.046923	0.002672	1.309496	-0.000037
0.145000	-0.000038	0.698203	0.000816	-1.046893	0.002981	1.309553	-0.000038
0.150000	-0.000043	0.698211	0.000915	-1.046862	0.003312	1.309615	-0.000039
0.155000	-0.000049	0.698220	0.001022	-1.046828	0.003664	1.309681	-0.000041
0.160000	-0.000055	0.698230	0.001137	-1.046793	0.004038	1.309750	-0.000042
0.165000	-0.000061	0.698240	0.001260	-1.046756	0.004435	1.309824	-0.000042
0.170000	-0.000068	0.698251	0.001392	-1.046718	0.004854	1.309902	-0.000043
0.175000	-0.000075	0.698262	0.001533	-1.046678	0.005295	1.309984	-0.000043
0.180000	-0.000083	0.698275	0.001682	-1.046636	0.005760	1.310069	-0.000044
0.185000	-0.000091	0.698288	0.001841	-1.046592	0.006247	1.310159	-0.000044
0.190000	-0.000100	0.698302	0.002010	-1.046547	0.006757	1.310253	-0.000043
0.195000	-0.000110	0.698316	0.002188	-1.046500	0.007291	1.310351	-0.000043
0.200000	-0.000120	0.698332	0.002376	-1.046452	0.007847	1.310453	-0.000042
0.205000	-0.000130	0.698348	0.002574	-1.046402	0.008427	1.310558	-0.000041
0.210000	-0.000142	0.698365	0.002782	-1.046351	0.009030	1.310668	-0.000040
0.215000	-0.000153	0.698382	0.003001	-1.046298	0.009656	1.310782	-0.000038
0.220000	-0.000166	0.698401	0.003231	-1.046244	0.010305	1.310899	-0.000037
0.225000	-0.000179	0.698420	0.003472	-1.046188	0.010977	1.311020	-0.000034
0.230000	-0.000193	0.698440	0.003723	-1.046131	0.011671	1.311144	-0.000032
0.235000	-0.000207	0.698461	0.003986	-1.046073	0.012388	1.311272	-0.000029
0.240000	-0.000222	0.698483	0.004260	-1.046014	0.013128	1.311404	-0.000027
0.245000	-0.000238	0.698506	0.004545	-1.045953	0.013890	1.311539	-0.000023
0.250000	-0.000254	0.698529	0.004843	-1.045892	0.014674	1.311677	-0.000020
0.255000	-0.000271	0.698554	0.005151	-1.045829	0.015480	1.311819	-0.000016
0.260000	-0.000289	0.698579	0.005472	-1.045765	0.016307	1.311963	-0.000012
0.265000	-0.000307	0.698605	0.005805	-1.045701	0.017156	1.312111	-0.000008
0.270000	-0.000326	0.698632	0.006149	-1.045635	0.018026	1.312261	-0.000003
0.275000	-0.000346	0.698660	0.006506	-1.045568	0.018917	1.312414	0.000002
0.280000	-0.000367	0.698689	0.006876	-1.045501	0.019829	1.312570	0.000007
0.285000	-0.000388	0.698719	0.007257	-1.045432	0.020761	1.312728	0.000012
0.290000	-0.000410	0.698749	0.007651	-1.045363	0.021712	1.312889	0.000018
0.295000	-0.000433	0.698781	0.008057	-1.045293	0.022684	1.313052	0.000024
0.300000	-0.000456	0.698813	0.008477	-1.045223	0.023675	1.313218	0.000030
0.305000	-0.000480	0.698847	0.008908	-1.045151	0.024685	1.313385	0.000037
0.310000	-0.000505	0.698881	0.009353	-1.045080	0.025714	1.313554	0.000044
0.315000	-0.000530	0.698916	0.009810	-1.045007	0.026761	1.313725	0.000051
0.320000	-0.000557	0.698952	0.010280	-1.044934	0.027826	1.313898	0.000058
0.325000	-0.000583	0.698989	0.010763	-1.044861	0.028909	1.314072	0.000065
0.330000	-0.000611	0.699027	0.011259	-1.044787	0.030010	1.314248	0.000073
0.335000	-0.000639	0.699066	0.011767	-1.044712	0.031128	1.314425	0.000081
0.340000	-0.000668	0.699106	0.012289	-1.044637	0.032262	1.314603	0.000089
0.345000	-0.000698	0.699147	0.012824	-1.044562	0.033413	1.314782	0.000098
0.350000	-0.000728	0.699189	0.013372	-1.044486	0.034580	1.314962	0.000106
0.355000	-0.000760	0.699231	0.013932	-1.044410	0.035762	1.315142	0.000115
0.360000	-0.000791	0.699275	0.014506	-1.044334	0.036960	1.315323	0.000125
0.365000	-0.000824	0.699319	0.015093	-1.044257	0.038173	1.315505	0.000134
0.370000	-0.000857	0.699365	0.015693	-1.044180	0.039401	1.315687	0.000143
0.375000	-0.000890	0.699411	0.016307	-1.044103	0.040643	1.315869	0.000153
0.380000	-0.000925	0.699459	0.016933	-1.044026	0.041899	1.316051	0.000163
0.385000	-0.000960	0.699507	0.017572	-1.043949	0.043169	1.316232	0.000173
0.390000	-0.000996	0.699557	0.018225	-1.043871	0.044452	1.316414	0.000184
0.395000	-0.001032	0.699607	0.018890	-1.043793	0.045748	1.316595	0.000194
0.400000	-0.001069	0.699658	0.019569	-1.043715	0.047057	1.316775	0.000205
0.405000	-0.001106	0.699710	0.020261	-1.043637	0.048378	1.316955	0.000216
0.410000	-0.001144	0.699763	0.020966	-1.043559	0.049711	1.317134	0.000227
0.415000	-0.001183	0.699817	0.021683	-1.043481	0.051055	1.317311	0.000238
0.420000	-0.001222	0.699873	0.022414	-1.043403	0.052411	1.317488	0.000249
0.425000	-0.001262	0.699929	0.023158	-1.043325	0.053778	1.317663	0.000261
0.430000	-0.001302	0.699986	0.023915	-1.043246	0.055156	1.317837	0.000273
0.435000	-0.001343	0.700043	0.024685	-1.043168	0.056544	1.318009	0.000284
0.440000	-0.001385	0.700102	0.025468	-1.043090	0.057941	1.318179	0.000296
0.445000	-0.001427	0.700162	0.026263	-1.043012	0.059349	1.318347	0.000308
0.450000	-0.001469	0.700223	0.027072	-1.042934	0.060766	1.318513	0.000321
0.455000	-0.001512	0.700285	0.027893	-1.042855	0.062192	1.318677	0.000333
0.460000	-0.001556	0.700348	0.028727	-1.042777	0.063627	1.318839	0.000346
0.465000	-0.001600	0.700412	0.029574	-1.042699	0.065071	1.318997	0.000358
0.470000	-0.001644	0.700477	0.030434	-1.042622	0.066522	1.319154	0.000371
0.475000	-0.001689	0.700542	0.031306	-1.042544	0.067982	1.319307	0.000384
0.480000	-0.001734	0.700609	0.032191	-1.042466	0.069449	1.319457	0.000397
0.485000	-0.001780	0.700677	0.033089	-1.042389	0.070923	1.319604	0.000410
0.490000	-0.001826	0.700746	0.033999	-1.042311	0.072404	1.319748	0.000423
0.495000	-0.001872	0.700816	0.034922	-1.042234	0.073892	1.319888	0.000437
0.500000	-0.001919	0.700886	0.035857	-1.042157	0.075386	1.320025	0.000450
0.505000	-0.001966	0.700958	0.036805	-1.042080	0.076887	1.320157	0.000464
0.510000	-0.002014	0.701031	0.037765	-1.042004	0.078393	1.320286	0.000477
0.515000	-0.002062	0.701105	0.038737	-1.041927	0.079905	1.320410	0.000491
0.520000	-0.002110	0.701180	0.039722	-1.041851	0.081422	1.320531	0.000505
0.525000	-0.002159	0.701256	0.040718	-1.041775	0.082944	1.320646	0.000519
0.530000	-0.002207	0.701333	0.041727	-1.041699	0.084470	1.320758	0.000533
0.535000	-0.002256	0.701411	0.042749	-1.041623	0.086001	1.320864	0.000547
0.540000	-0.002306	0.701490	0.043782	-1.041548	0.087537	1.320965	0.000561
0.545000	-0.002355	0.701570	0.044827	-1.041473	0.089076	1.321062	0.000575
0.550000	-0.002405	0.701651	0.045884	-1.041398	0.090619	1.321153	0.000590
0.555000	-0.002455	0.701733	0.046953	-1.041324	0.092165	1.321239	0.000604
0.560000	-0.002505	0.701817	0.048034	-1.041249	0.093714	1.321319	0.000618
0.565000	-0.002556	0.701901	0.049126	-1.041175	0.095266	1.321393	0.000633
0.570000	-0.002606	0.701986	0.050230	-1.041102	0.096821	1.321462	0.000648
0.575000	-0.002657	0.702073	0.051346	-1.041028	0.098378	1.321524	0.000662
0.580000	-0.002707	0.702161	0.052474	-1.040955	0.099937	1.321580	0.000677
0.585000	-0.002758	0.702249	0.053613	-1.040883	0.101498	1.321630	0.000692
0.590000	-0.002809	0.702339	0.054763	-1.040810	0.103061	1.321673	0.000706
0.595000	-0.002860	0.702430	0.055925	-1.040738	0.104625	1.321710	0.000721
0.600000	-0.002911	0.702522	0.057098	-1.040666	0.106190	1.321740	0.000736
0.605000	-0.002963	0.702616	0.058282	-1.040595	0.107756	1.321763	0.000751
0.610000	-0.003014	0.702710	0.059478	-1.040524	0.109322	1.321778	0.000766
0.615000	-0.003065	0.702806	0.060684	-1.040454	0.110889	1.321787	0.000781
0.620000	-0.003116	0.702902	0.061902	-1.040383	0.112456	1.321788	0.000796
0.625000	-0.003167	0.703000	0.063131	-1.040313	0.114023	1.321781	0.000811
0.630000	-0.003218	0.703099	0.064370	-1.040244	0.115590	1.321766	0.000826
0.635000	-0.003269	0.703200	0.065620	-1.040175	0.117156	1.321744	0.000842
0.640000	-0.003320	0.703301	0.066881	-1.040106	0.118721	1.321713	0.000857
0.645000	-0.003371	0.703404	0.068153	-1.040038	0.120286	1.321675	0.000872
0.650000	-0.003422	0.703508	0.069435	-1.039970	0.121849	1.321628	0.000887
0.655000	-0.003472	0.703613	0.070728	-1.039903	0.123410	1.321572	0.000903
0.660000	-0.003522	0.703719	0.072031	-1.039836	0.124970	1.321508	0.000918
0.665000	-0.003573	0.703827	0.073345	-1.039770	0.126528	1.321435	0.000933
0.670000	-0.003623	0.703935	0.074668	-1.039704	0.128084	1.321352	0.000948
0.675000	-0.003672	0.704046	0.076002	-1.039638	0.129638	1.321261	0.000964
0.680000	-0.003722	0.704157	0.077346	-1.039573	0.131189	1.321161	0.000979
0.685000	-0.003771	0.704270	0.078700	-1.039509	0.132737	1.321051	0.000995
0.690000	-0.003820	0.704383	0.080064	-1.039444	0.134282	1.320932	0.001010
0.695000	-0.003869	0.704499	0.081438	-1.039381	0.135825	1.320803	0.001025
0.700000	-0.003917	0.704615	0.082822	-1.039317	0.137363	1.320664	0.001041
0.705000	-0.003965	0.704733	0.084215	-1.039255	0.138899	1.320516	0.001056
0.710000	-0.004013	0.704852	0.085618	-1.039192	0.140430	1.320357	0.001071
0.715000	-0.004060	0.704973	0.087030	-1.039131	0.141958	1.320188	0.001087
0.720000	-0.004107	0.705095	0.088452	-1.039069	0.143481	1.320009	0.001102
0.725000	-0.004154	0.705218	0.089883	-1.039008	0.145000	1.319820	0.001117
0.730000	-0.004200	0.705343	0.091323	-1.038948	0.146515	1.319620	0.001133
0.735000	-0.004246	0.705469	0.092772	-1.038888	0.148024	1.319409	0.001148
0.740000	-0.004291	0.705596	0.094230	-1.038829	0.149529	1.319187	0.001163
0.745000	-0.004335	0.705725	0.095697	-1.038770	0.151029	1.318955	0.001179
0.750000	-0.004379	0.705855	0.097174	-1.038711	0.152523	1.318712	0.001194
0.755000	-0.004423	0.705987	0.098658	-1.038653	0.154012	1.318457	0.001209
0.760000	-0.004466	0.706120	0.100152	-1.038596	0.155495	1.318192	0.001224
0.765000	-0.004509	0.706254	0.101654	-1.038539	0.156973	1.317915	0.001239
0.770000	-0.004550	0.706390	0.103164	-1.038482	0.158444	1.317626	0.001255
0.775000	-0.004592	0.706528	0.104683	-1.038426	0.159909	1.317326	0.001270
0.780000	-0.004632	0.706667	0.106209	-1.038370	0.161368	1.317015	0.001285
0.785000	-0.004672	0.706807	0.107744	-1.038315	0.162821	1.316692	0.001300
0.790000	-0.004711	0.706949	0.109287	-1.038261	0.164266	1.316357	0.001315
0.795000	-0.004750	0.707093	0.110838	-1.038206	0.165705	1.316010	0.001330
0.800000	-0.004788	0.707238	0.112397	-1.038152	0.167137	1.315651	0.001345
0.805000	-0.004825	0.707384	0.113963	-1.038099	0.168562	1.315280	0.001360
0.810000	-0.004861	0.707532	0.115537	-1.038046	0.169979	1.314897	0.001375
0.815000	-0.004897	0.707682	0.117118	-1.037993	0.171389	1.314502	0.001389
0.820000	-0.004931	0.707833	0.118707	-1.037941	0.172791	1.314095	0.001404
0.825000	-0.004965	0.707986	0.120303	-1.037889	0.174185	1.313675	0.001419
0.830000	-0.004998	0.708140	0.121906	-1.037838	0.175572	1.313243	0.001434
0.835000	-0.005030	0.708296	0.123516	-1.037787	0.176950	1.312799	0.001448
0.840000	-0.005061	0.708453	0.125133	-1.037736	0.178320	1.312342	0.001463
0.845000	-0.005092	0.708612	0.126757	-1.037686	0.179682	1.311872	0.001477
0.850000	-0.005121	0.708773	0.128387	-1.037636	0.181035	1.311390	0.001492
0.855000	-0.005149	0.708935	0.130024	-1.037586	0.182380	1.310895	0.001506
0.860000	-0.005177	0.709099	0.131667	-1.037536	0.183716	1.310388	0.001520
0.865000	-0.005203	0.709265	0.133316	-1.037487	0.185043	1.309868	0.001534
0.870000	-0.005229	0.709432	0.134972	-1.037439	0.186361	1.309335	0.001549
0.875000	-0.005253	0.709601	0.136634	-1.037390	0.187669	1.308789	0.001563
0.880000	-0.005276	0.709772	0.138301	-1.037342	0.188969	1.308231	0.001577
0.885000	-0.005298	0.709944	0.139975	-1.037294	0.190259	1.307660	0.001591
0.890000	-0.005319	0.710118	0.141654	-1.037246	0.191539	1.307075	0.001605
0.895000	-0.005339	0.710294	0.143338	-1.037198	0.192810	1.306478	0.001618
0.900000	-0.005358	0.710472	0.145028	-1.037151	0.194071	1.305868	0.001632
0.905000	-0.005375	0.710651	0.146724	-1.037104	0.195323	1.305246	0.001646
0.910000	-0.005391	0.710832	0.148424	-1.037056	0.196564	1.304610	0.001659
0.915000	-0.005406	0.711014	0.150129	-1.037009	0.197795	1.303961	0.001673
0.920000	-0.005420	0.711199	0.151840	-1.036963	0.199016	1.303300	0.001686
0.925000	-0.005433	0.711385	0.153555	-1.036916	0.200227	1.302625	0.001700
0.930000	-0.005444	0.711572	0.155274	-1.036869	0.201427	1.301938	0.001713
0.935000	-0.005454	0.711762	0.156999	-1.036822	0.202617	1.301238	0.001726
0.940000	-0.005462	0.711953	0.158727	-1.036776	0.203796	1.300525	0.001739
0.945000	-0.005470	0.712146	0.160460	-1.036729	0.204964	1.299799	0.001752
0.950000	-0.005475	0.712341	0.162196	-1.036683	0.206122	1.299060	0.001765
0.955000	-0.005480	0.712538	0.163937	-1.036636	0.207269	1.298309	0.001778
0.960000	-0.005483	0.712736	0.165681	-1.036589	0.208405	1.297545	0.001791
0.965000	-0.005484	0.712937	0.167430	-1.036542	0.209530	1.296768	0.001803
0.970000	-0.005484	0.713139	0.169181	-1.036496	0.210644	1.295978	0.001816
0.975000	-0.005483	0.713343	0.170936	-1.036449	0.211746	1.295176	0.001828
0.980000	-0.005480	0.713548	0.172694	-1.036401	0.212838	1.294361	0.001841
0.985000	-0.005475	0.713756	0.174456	-1.036354	0.213918	1.293534	0.001853
0.990000	-0.005469	0.713965	0.176220	-1.036306	0.214986	1.292694	0.001865
0.995000	-0.005462	0.714176	0.177987	-1.036259	0.216043	1.291842	0.001877
1.000000	-0.005452	0.714389	0.179757	-1.036211	0.217089	1.290978	0.001889
1.005000	-0.005442	0.714604	0.181529	-1.036162	0.218123	1.290101	0.001901
1.010000	-0.005429	0.714820	0.183304	-1.036114	0.219145	1.289212	0.001912
1.015000	-0.005415	0.715039	0.185081	-1.036065	0.220156	1.288311	0.001924
1.020000	-0.005399	0.715259	0.186860	-1.036016	0.221155	1.287398	0.001936
1.025000	-0.005382	0.715481	0.188640	-1.035966	0.222142	1.286473	0.001947
1.030000	-0.005362	0.715705	0.190423	-1.035916	0.223117	1.285536	0.001958
1.035000	-0.005341	0.715930	0.192208	-1.035866	0.224080	1.284588	0.001969
1.040000	-0.005319	0.716158	0.193993	-1.035815	0.225032	1.283627	0.001980
1.045000	-0.005294	0.716387	0.195781	-1.035763	0.225971	1.282656	0.001991
1.050000	-0.005268	0.716618	0.197569	-1.035712	0.226898	1.281672	0.002002
1.055000	-0.005240	0.716851	0.199359	-1.035659	0.227813	1.280677	0.002013
1.060000	-0.005210	0.717086	0.201149	-1.035606	0.228716	1.279671	0.002024
1.065000	-0.005178	0.717323	0.202940	-1.035553	0.229607	1.278654	0.002034
1.070000	-0.005144	0.717561	0.204732	-1.035498	0.230486	1.277626	0.002045
1.075000	-0.005109	0.717802	0.206524	-1.035444	0.231353	1.276586	0.002055
1.080000	-0.005071	0.718044	0.208317	-1.035388	0.232207	1.275536	0.002065
1.085000	-0.005032	0.718288	0.210109	-1.035332	0.233049	1.274476	0.002075
1.090000	-0.004990	0.718534	0.211902	-1.035275	0.233878	1.273404	0.002085
1.095000	-0.004947	0.718781	0.213695	-1.035217	0.234696	1.272323	0.002095
1.100000	-0.004902	0.719031	0.215487	-1.035159	0.235501	1.271231	0.002104
1.105000	-0.004854	0.719282	0.217279	-1.035099	0.236294	1.270128	0.002114
1.110000	-0.004805	0.719535	0.219070	-1.035039	0.237074	1.269016	0.002123
1.115000	-0.004754	0.719790	0.220861	-1.034978	0.237842	1.267894	0.002133
1.120000	-0.004700	0.720046	0.222651	-1.034916	0.238598	1.266763	0.002142
1.125000	-0.004645	0.720305	0.224440	-1.034854	0.239341	1.265621	0.002151
1.130000	-0.004587	0.720565	0.226227	-1.034790	0.240072	1.264471	0.002160
1.135000	-0.004527	0.720827	0.228013	-1.034725	0.240790	1.263311	0.002169
1.140000	-0.004466	0.721091	0.229798	-1.034659	0.241496	1.262142	0.002177
1.145000	-0.004402	0.721356	0.231581	-1.034592	0.242190	1.260964	0.002186
1.150000	-0.004336	0.721623	0.233363	-1.034525	0.242872	1.259777	0.002194
1.155000	-0.004268	0.721892	0.235142	-1.034456	0.243541	1.258582	0.002203
1.160000	-0.004197	0.722163	0.236919	-1.034386	0.244197	1.257378	0.002211
1.165000	-0.004125	0.722435	0.238695	-1.034314	0.244842	1.256166	0.002219
1.170000	-0.004050	0.722710	0.240467	-1.034242	0.245474	1.254946	0.002227
1.175000	-0.003973	0.722985	0.242238	-1.034168	0.246094	1.253719	0.002235
1.180000	-0.003894	0.723263	0.244005	-1.034094	0.246701	1.252483	0.002242
1.185000	-0.003813	0.723542	0.245770	-1.034017	0.247296	1.251240	0.002250
1.190000	-0.003729	0.723823	0.247532	-1.033940	0.247879	1.249990	0.002257
1.195000	-0.003643	0.724106	0.249291	-1.033861	0.248450	1.248732	0.002265
1.200000	-0.003555	0.724390	0.251046	-1.033781	0.249009	1.247468	0.002272
1.205000	-0.003464	0.724676	0.252798	-1.033700	0.249555	1.246197	0.002279
1.210000	-0.003372	0.724964	0.254547	-1.033617	0.250089	1.244919	0.002286
1.215000	-0.003277	0.725253	0.256292	-1.033533	0.250612	1.243636	0.002292
1.220000	-0.003179	0.725544	0.258033	-1.033447	0.251122	1.242346	0.002299
1.225000	-0.003080	0.725836	0.259770	-1.033360	0.251620	1.241050	0.002306
1.230000	-0.002978	0.726130	0.261502	-1.033272	0.252106	1.239748	0.002312
1.235000	-0.002873	0.726425	0.263231	-1.033182	0.252580	1.238441	0.002318
1.240000	-0.002766	0.726722	0.264955	-1.033090	0.253043	1.237129	0.002324
1.245000	-0.002657	0.727021	0.266675	-1.032997	0.253493	1.235811	0.002330
1.250000	-0.002546	0.727321	0.268390	-1.032902	0.253932	1.234489	0.002336
1.255000	-0.002432	0.727623	0.270100	-1.032806	0.254359	1.233162	0.002342
1.260000	-0.002316	0.727926	0.271805	-1.032708	0.254774	1.231831	0.002347
1.265000	-0.002197	0.728230	0.273505	-1.032608	0.255177	1.230495	0.002353
1.270000	-0.002077	0.728536	0.275200	-1.032507	0.255569	1.229156	0.002358
1.275000	-0.001953	0.728844	0.276889	-1.032403	0.255950	1.227813	0.002363
1.280000	-0.001827	0.729153	0.278573	-1.032299	0.256319	1.226466	0.002368
1.285000	-0.001699	0.729463	0.280251	-1.032192	0.256676	1.225116	0.002373
1.290000	-0.001569	0.729774	0.281923	-1.032084	0.257022	1.223763	0.002378
1.295000	-0.001436	0.730087	0.283589	-1.031973	0.257357	1.222408	0.002382
1.300000	-0.001300	0.730402	0.285249	-1.031861	0.257681	1.221049	0.002387
1.305000	-0.001162	0.730717	0.286903	-1.031747	0.257993	1.219689	0.002391
1.310000	-0.001022	0.731034	0.288551	-1.031632	0.258294	1.218326	0.002395
1.315000	-0.000879	0.731353	0.290192	-1.031514	0.258584	1.216962	0.002399
1.320000	-0.000734	0.731672	0.291826	-1.031395	0.258863	1.215595	0.002403
1.325000	-0.000587	0.731993	0.293454	-1.031273	0.259132	1.214228	0.002407
1.330000	-0.000437	0.732315	0.295074	-1.031150	0.259389	1.212859	0.002410
1.335000	-0.000284	0.732638	0.296688	-1.031024	0.259636	1.211490	0.002414
1.340000	-0.000129	0.732962	0.298294	-1.030897	0.259872	1.210120	0.002417
1.345000	0.000028	0.733287	0.299893	-1.030768	0.260097	1.208750	0.002420
1.350000	0.000188	0.733614	0.301485	-1.030636	0.260312	1.207379	0.002423
1.355000	0.000350	0.733941	0.303069	-1.030503	0.260517	1.206009	0.002426
1.360000	0.000515	0.734270	0.304646	-1.030368	0.260711	1.204638	0.002429
1.365000	0.000682	0.734599	0.306214	-1.030230	0.260894	1.203269	0.002432
1.370000	0.000851	0.734930	0.307775	-1.030090	0.261068	1.201900	0.002434
1.375000	0.001023	0.735262	0.309328	-1.029949	0.261231	1.200533	0.002437
1.380000	0.001197	0.735594	0.310872	-1.029805	0.261384	1.199167	0.002439
1.385000	0.001374	0.735928	0.312408	-1.029659	0.261528	1.197803	0.002441
1.390000	0.001553	0.736262	0.313936	-1.029511	0.261661	1.196440	0.002443
1.395000	0.001735	0.736598	0.315455	-1.029360	0.261785	1.195080	0.002445
1.400000	0.001919	0.736934	0.316965	-1.029208	0.261899	1.193722	0.002446
1.405000	0.002105	0.737271	0.318467	-1.029053	0.262003	1.192366	0.002448
1.410000	0.002294	0.737608	0.319959	-1.028896	0.262098	1.191014	0.002449
1.415000	0.002485	0.737947	0.321443	-1.028737	0.262183	1.189665	0.002450
1.420000	0.002679	0.738286	0.322917	-1.028576	0.262259	1.188319	0.002451
1.425000	0.002875	0.738626	0.324382	-1.028412	0.262326	1.186977	0.002452
1.430000	0.003073	0.738967	0.325838	-1.028246	0.262383	1.185638	0.002453
1.435000	0.003274	0.739308	0.327284	-1.028078	0.262432	1.184304	0.002454
1.440000	0.003477	0.739650	0.328721	-1.027908	0.262471	1.182975	0.002454
1.445000	0.003682	0.739992	0.330148	-1.027735	0.262502	1.181650	0.002455
1.450000	0.003890	0.740335	0.331565	-1.027560	0.262524	1.180330	0.002455
1.455000	0.004100	0.740678	0.332972	-1.027383	0.262537	1.179015	0.002455
1.460000	0.004312	0.741022	0.334369	-1.027203	0.262542	1.177706	0.002455
1.465000	0.004526	0.741367	0.335756	-1.027021	0.262538	1.176402	0.002455
1.470000	0.004743	0.741711	0.337132	-1.026837	0.262525	1.175105	0.002454
1.475000	0.004962	0.742056	0.338498	-1.026651	0.262504	1.173813	0.002454
1.480000	0.005184	0.742402	0.339854	-1.026462	0.262476	1.172529	0.002453
1.485000	0.005407	0.742748	0.341199	-1.026270	0.262438	1.171250	0.002453
1.490000	0.005633	0.743094	0.342533	-1.026077	0.262393	1.169979	0.002452
1.495000	0.005861	0.743440	0.343857	-1.025881	0.262340	1.168715	0.002451
1.500000	0.006092	0.743786	0.345169	-1.025682	0.262280	1.167459	0.002450
1.505000	0.006324	0.744133	0.346471	-1.025482	0.262211	1.166210	0.002448
1.510000	0.006559	0.744480	0.347761	-1.025279	0.262135	1.164970	0.002447
1.515000	0.006796	0.744826	0.349040	-1.025073	0.262051	1.163737	0.002445
1.520000	0.007035	0.745173	0.350308	-1.024865	0.261960	1.162513	0.002444
1.525000	0.007276	0.745520	0.351565	-1.024655	0.261861	1.161298	0.002442
1.530000	0.007519	0.745867	0.352810	-1.024443	0.261756	1.160092	0.002440
1.535000	0.007764	0.746214	0.354043	-1.024228	0.261643	1.158895	0.002438
1.540000	0.008011	0.746561	0.355265	-1.024010	0.261523	1.157707	0.002435
1.545000	0.008261	0.746907	0.356475	-1.023791	0.261396	1.156529	0.002433
1.550000	0.008512	0.747253	0.357673	-1.023569	0.261262	1.155361	0.002431
1.555000	0.008766	0.747600	0.358859	-1.023344	0.261122	1.154203	0.002428
1.560000	0.009021	0.747945	0.360033	-1.023117	0.260974	1.153056	0.002425
1.565000	0.009278	0.748291	0.361195	-1.022888	0.260821	1.151919	0.002422
1.570000	0.009538	0.748636	0.362345	-1.022657	0.260660	1.150793	0.002419
1.575000	0.009799	0.748981	0.363483	-1.022423	0.260494	1.149678	0.002416
1.580000	0.010062	0.749325	0.364608	-1.022187	0.260321	1.148575	0.002413
1.585000	0.010327	0.749669	0.365721	-1.021948	0.260142	1.147483	0.002409
1.590000	0.010594	0.750013	0.366821	-1.021707	0.259956	1.146403	0.002406
1.595000	0.010863	0.750356	0.367908	-1.021464	0.259765	1.145335	0.002402
1.600000	0.011134	0.750698	0.368983	-1.021219	0.259568	1.144279	0.002398
1.605000	0.011406	0.751040	0.370045	-1.020971	0.259365	1.143236	0.002394
1.610000	0.011681	0.751381	0.371094	-1.020721	0.259156	1.142206	0.002390
1.615000	0.011957	0.751721	0.372131	-1.020469	0.258942	1.141188	0.002386
1.620000	0.012234	0.752061	0.373154	-1.020214	0.258722	1.140183	0.002382
1.625000	0.012514	0.752400	0.374164	-1.019957	0.258497	1.139192	0.002377
1.630000	0.012795	0.752738	0.375161	-1.019698	0.258266	1.138214	0.002373
1.635000	0.013077	0.753075	0.376145	-1.019437	0.258030	1.137250	0.002368
1.640000	0.013362	0.753411	0.377115	-1.019173	0.257789	1.136300	0.002363
1.645000	0.013648	0.753746	0.378073	-1.018907	0.257542	1.135365	0.002358
1.650000	0.013935	0.754081	0.379017	-1.018639	0.257291	1.134443	0.002353
1.655000	0.014224	0.754414	0.379947	-1.018369	0.257034	1.133536	0.002348
1.660000	0.014515	0.754746	0.380864	-1.018097	0.256773	1.132644	0.002343
1.665000	0.014807	0.755077	0.381767	-1.017822	0.256507	1.131767	0.002338
1.670000	0.015101	0.755407	0.382656	-1.017545	0.256236	1.130905	0.002332
1.675000	0.015396	0.755735	0.383532	-1.017267	0.255961	1.130058	0.002327
1.680000	0.015692	0.756062	0.384394	-1.016986	0.255680	1.129227	0.002321
1.685000	0.015990	0.756388	0.385242	-1.016703	0.255396	1.128411	0.002315
1.690000	0.016289	0.756713	0.386077	-1.016418	0.255107	1.127612	0.002309
1.695000	0.016589	0.757036	0.386897	-1.016131	0.254814	1.126828	0.002303
1.700000	0.016891	0.757358	0.387703	-1.015842	0.254516	1.126061	0.002297
1.705000	0.017194	0.757679	0.388496	-1.015551	0.254214	1.125310	0.002291
1.710000	0.017499	0.757997	0.389274	-1.015258	0.253908	1.124575	0.002285
1.715000	0.017804	0.758315	0.390038	-1.014963	0.253598	1.123858	0.002278
1.720000	0.018111	0.758630	0.390788	-1.014666	0.253284	1.123157	0.002272
1.725000	0.018418	0.758944	0.391523	-1.014367	0.252966	1.122473	0.002265
1.730000	0.018727	0.759257	0.392244	-1.014067	0.252644	1.121807	0.002259
1.735000	0.019037	0.759567	0.392951	-1.013764	0.252318	1.121158	0.002252
1.740000	0.019348	0.759876	0.393644	-1.013460	0.251989	1.120526	0.002245
1.745000	0.019661	0.760183	0.394322	-1.013154	0.251655	1.119912	0.002238
1.750000	0.019974	0.760488	0.394986	-1.012846	0.251318	1.119316	0.002231
1.755000	0.020288	0.760791	0.395635	-1.012537	0.250978	1.118738	0.002224
1.760000	0.020603	0.761092	0.396269	-1.012226	0.250634	1.118178	0.002217
1.765000	0.020918	0.761392	0.396889	-1.011913	0.250286	1.117636	0.002209
1.770000	0.021235	0.761689	0.397494	-1.011598	0.249935	1.117112	0.002202
1.775000	0.021553	0.761984	0.398085	-1.011282	0.249581	1.116607	0.002195
1.780000	0.021871	0.762277	0.398661	-1.010965	0.249223	1.116121	0.002187
1.785000	0.022190	0.762568	0.399222	-1.010645	0.248862	1.115653	0.002179
1.790000	0.022510	0.762856	0.399769	-1.010325	0.248498	1.115204	0.002172
1.795000	0.022831	0.763143	0.400300	-1.010002	0.248130	1.114774	0.002164
1.800000	0.023152	0.763427	0.400817	-1.009679	0.247759	1.114363	0.002156
1.805000	0.023474	0.763708	0.401319	-1.009354	0.247385	1.113971	0.002148
1.810000	0.023796	0.763988	0.401807	-1.009027	0.247008	1.113598	0.002140
1.815000	0.024119	0.764265	0.402279	-1.008700	0.246628	1.113245	0.002132
1.820000	0.024443	0.764539	0.402736	-1.008370	0.246245	1.112911	0.002124
1.825000	0.024767	0.764811	0.403179	-1.008040	0.245859	1.112597	0.002116
1.830000	0.025092	0.765080	0.403606	-1.007709	0.245470	1.112302	0.002108
1.835000	0.025417	0.765347	0.404018	-1.007376	0.245077	1.112027	0.002099
1.840000	0.025742	0.765611	0.404416	-1.007042	0.244682	1.111771	0.002091
1.845000	0.026068	0.765873	0.404798	-1.006707	0.244284	1.111536	0.002083
1.850000	0.026394	0.766132	0.405165	-1.006371	0.243883	1.111320	0.002074
1.855000	0.026721	0.766388	0.405518	-1.006034	0.243479	1.111125	0.002066
1.860000	0.027047	0.766641	0.405855	-1.005696	0.243073	1.110949	0.002057
1.865000	0.027374	0.766891	0.406177	-1.005357	0.242663	1.110794	0.002049
1.870000	0.027702	0.767139	0.406484	-1.005018	0.242250	1.110658	0.002040
1.875000	0.028029	0.767384	0.406776	-1.004677	0.241835	1.110543	0.002031
1.880000	0.028357	0.767625	0.407053	-1.004336	0.241417	1.110448	0.002023
1.885000	0.028684	0.767864	0.407314	-1.003994	0.240996	1.110374	0.002014
1.890000	0.029012	0.768100	0.407561	-1.003651	0.240572	1.110319	0.002005
1.895000	0.029340	0.768332	0.407792	-1.003307	0.240146	1.110285	0.001996
1.900000	0.029668	0.768562	0.408008	-1.002963	0.239717	1.110272	0.001987
1.905000	0.029996	0.768789	0.408209	-1.002618	0.239284	1.110279	0.001978
1.910000	0.030324	0.769012	0.408395	-1.002273	0.238849	1.110306	0.001969
1.915000	0.030651	0.769232	0.408566	-1.001927	0.238412	1.110353	0.001960
1.920000	0.030979	0.769449	0.408722	-1.001581	0.237971	1.110422	0.001951
1.925000	0.031307	0.769662	0.408862	-1.001235	0.237528	1.110510	0.001942
1.930000	0.031634	0.769873	0.408987	-1.000888	0.237081	1.110619	0.001933
1.935000	0.031961	0.770080	0.409097	-1.000541	0.236632	1.110748	0.001924
1.940000	0.032288	0.770283	0.409192	-1.000193	0.236180	1.110898	0.001915
1.945000	0.032615	0.770483	0.409272	-0.999846	0.235725	1.111069	0.001906
1.950000	0.032941	0.770680	0.409337	-0.999498	0.235268	1.111259	0.001897
1.955000	0.033267	0.770873	0.409386	-0.999150	0.234807	1.111471	0.001888
1.960000	0.033593	0.771063	0.409420	-0.998802	0.234344	1.111702	0.001878
1.965000	0.033919	0.771250	0.409440	-0.998455	0.233877	1.111954	0.001869
1.970000	0.034244	0.771432	0.409444	-0.998107	0.233408	1.112226	0.001860
1.975000	0.034568	0.771611	0.409433	-0.997760	0.232935	1.112519	0.001851
1.980000	0.034892	0.771787	0.409407	-0.997412	0.232460	1.112831	0.001841
1.985000	0.035216	0.771959	0.409365	-0.997065	0.231981	1.113164	0.001832
1.990000	0.035539	0.772127	0.409309	-0.996718	0.231500	1.113517	0.001823
1.995000	0.035861	0.772291	0.409238	-0.996372	0.231015	1.113890	0.001814
2.000000	0.036183	0.772452	0.409152	-0.996026	0.230527	1.114284	0.001804
2.005000	0.036505	0.772609	0.409050	-0.995680	0.230036	1.114697	0.001795
2.010000	0.036825	0.772762	0.408934	-0.995335	0.229542	1.115130	0.001786
2.015000	0.037145	0.772911	0.408803	-0.994990	0.229044	1.115583	0.001777
2.020000	0.037465	0.773057	0.408656	-0.994646	0.228544	1.116056	0.001767
2.025000	0.037783	0.773198	0.408495	-0.994303	0.228040	1.116548	0.001758
2.030000	0.038101	0.773336	0.408319	-0.993961	0.227532	1.117060	0.001749
2.035000	0.038418	0.773470	0.408128	-0.993619	0.227021	1.117592	0.001739
2.040000	0.038735	0.773600	0.407922	-0.993278	0.226507	1.118143	0.001730
2.045000	0.039050	0.773726	0.407702	-0.992938	0.225989	1.118713	0.001721
2.050000	0.039365	0.773848	0.407466	-0.992599	0.225468	1.119303	0.001712
2.055000	0.039679	0.773965	0.407216	-0.992261	0.224943	1.119912	0.001702
2.060000	0.039992	0.774079	0.406951	-0.991924	0.224415	1.120540	0.001693
2.065000	0.040304	0.774189	0.406671	-0.991588	0.223882	1.121186	0.001684
2.070000	0.040615	0.774295	0.406377	-0.991254	0.223346	1.121852	0.001675
2.075000	0.040925	0.774396	0.406067	-0.990920	0.222807	1.122536	0.001666
2.080000	0.041234	0.774494	0.405744	-0.990588	0.222263	1.123239	0.001656
2.085000	0.041542	0.774587	0.405405	-0.990257	0.221716	1.123960	0.001647
2.090000	0.041849	0.774677	0.405052	-0.989928	0.221164	1.124700	0.001638
2.095000	0.042155	0.774762	0.404685	-0.989600	0.220609	1.125457	0.001629
2.100000	0.042460	0.774843	0.404303	-0.989274	0.220050	1.126233	0.001620
2.105000	0.042764	0.774919	0.403907	-0.988949	0.219486	1.127027	0.001611
2.110000	0.043067	0.774992	0.403496	-0.988626	0.218919	1.127838	0.001601
2.115000	0.043368	0.775060	0.403071	-0.988305	0.218347	1.128667	0.001592
2.120000	0.043669	0.775124	0.402631	-0.987985	0.217770	1.129514	0.001583
2.125000	0.043968	0.775184	0.402177	-0.987668	0.217190	1.130378	0.001574
2.130000	0.044266	0.775240	0.401709	-0.987352	0.216605	1.131259	0.001565
2.135000	0.044563	0.775291	0.401227	-0.987038	0.216016	1.132156	0.001556
2.140000	0.044859	0.775338	0.400730	-0.986726	0.215422	1.133071	0.001547
2.145000	0.045153	0.775380	0.400220	-0.986416	0.214823	1.134002	0.001538
2.150000	0.045446	0.775419	0.399695	-0.986108	0.214220	1.134950	0.001529
2.155000	0.045738	0.775453	0.399156	-0.985802	0.213613	1.135914	0.001520
2.160000	0.046028	0.775482	0.398603	-0.985499	0.213000	1.136894	0.001512
2.165000	0.046318	0.775508	0.398037	-0.985198	0.212383	1.137890	0.001503
2.170000	0.046605	0.775529	0.397456	-0.984899	0.211760	1.138902	0.001494
2.175000	0.046892	0.775545	0.396862	-0.984603	0.211133	1.139929	0.001485
2.180000	0.047177	0.775558	0.396254	-0.984309	0.210501	1.140971	0.001476
2.185000	0.047461	0.775566	0.395632	-0.984018	0.209864	1.142029	0.001467
2.190000	0.047743	0.775569	0.394996	-0.983729	0.209221	1.143102	0.001459
2.195000	0.048024	0.775568	0.394347	-0.983443	0.208574	1.144189	0.001450
2.200000	0.048303	0.775563	0.393684	-0.983159	0.207921	1.145291	0.001441
2.205000	0.048581	0.775554	0.393007	-0.982879	0.207263	1.146407	0.001432
2.210000	0.048858	0.775540	0.392317	-0.982601	0.206599	1.147537	0.001424
2.215000	0.049133	0.775521	0.391614	-0.982326	0.205930	1.148681	0.001415
2.220000	0.049406	0.775499	0.390897	-0.982053	0.205256	1.149839	0.001407
2.225000	0.049679	0.775472	0.390167	-0.981784	0.204576	1.151010	0.001398
2.230000	0.049949	0.775440	0.389424	-0.981518	0.203890	1.152194	0.001389
2.235000	0.050218	0.775404	0.388668	-0.981255	0.203198	1.153392	0.001381
2.240000	0.050486	0.775364	0.387898	-0.980995	0.202501	1.154602	0.001372
2.245000	0.050752	0.775319	0.387115	-0.980738	0.201798	1.155824	0.001364
2.250000	0.051016	0.775270	0.386320	-0.980485	0.201089	1.157059	0.001355
2.255000	0.051279	0.775217	0.385511	-0.980235	0.200375	1.158306	0.001347
2.260000	0.051540	0.775159	0.384690	-0.979988	0.199654	1.159564	0.001338
2.265000	0.051800	0.775097	0.383855	-0.979744	0.198927	1.160834	0.001330
2.270000	0.052058	0.775030	0.383008	-0.979504	0.198194	1.162116	0.001322
2.275000	0.052314	0.774959	0.382148	-0.979268	0.197455	1.163408	0.001313
2.280000	0.052569	0.774884	0.381276	-0.979035	0.196710	1.164712	0.001305
2.285000	0.052823	0.774804	0.380391	-0.978806	0.195958	1.166026	0.001297
2.290000	0.053074	0.774720	0.379493	-0.978580	0.195200	1.167350	0.001288
2.295000	0.053324	0.774632	0.378583	-0.978358	0.194436	1.168684	0.001280
2.300000	0.053572	0.774539	0.377661	-0.978140	0.193665	1.170028	0.001272
2.305000	0.053819	0.774442	0.376726	-0.977926	0.192888	1.171382	0.001264
2.310000	0.054064	0.774341	0.375779	-0.977715	0.192104	1.172744	0.001255
2.315000	0.054308	0.774235	0.374820	-0.977509	0.191314	1.174116	0.001247
2.320000	0.054549	0.774126	0.373849	-0.977306	0.190517	1.175497	0.001239
2.325000	0.054789	0.774011	0.372865	-0.977108	0.189714	1.176886	0.001231
2.330000	0.055028	0.773893	0.371870	-0.976913	0.188903	1.178283	0.001223
2.335000	0.055264	0.773770	0.370863	-0.976723	0.188086	1.179688	0.001215
2.340000	0.055499	0.773643	0.369844	-0.976536	0.187263	1.181101	0.001207
2.345000	0.055733	0.773512	0.368814	-0.976354	0.186432	1.182521	0.001199
2.350000	0.055964	0.773377	0.367771	-0.976177	0.185594	1.183948	0.001191
2.355000	0.056194	0.773237	0.366717	-0.976003	0.184750	1.185383	0.001183
2.360000	0.056422	0.773093	0.365652	-0.975834	0.183899	1.186823	0.001175
2.365000	0.056649	0.772946	0.364575	-0.975669	0.183040	1.188270	0.001167
2.370000	0.056874	0.772793	0.363486	-0.975509	0.182175	1.189723	0.001159
2.375000	0.057097	0.772637	0.362387	-0.975353	0.181302	1.191182	0.001151
2.380000	0.057318	0.772477	0.361276	-0.975202	0.180423	1.192646	0.001143
2.385000	0.057538	0.772312	0.360154	-0.975055	0.179536	1.194116	0.001135
2.390000	0.057756	0.772144	0.359021	-0.974913	0.178642	1.195590	0.001127
2.395000	0.057972	0.771971	0.357877	-0.974776	0.177741	1.197069	0.001119
2.400000	0.058187	0.771795	0.356722	-0.974643	0.176833	1.198552	0.001111
2.405000	0.058399	0.771614	0.355556	-0.974515	0.175918	1.200039	0.001103
2.410000	0.058610	0.771429	0.354379	-0.974392	0.174995	1.201530	0.001095
2.415000	0.058820	0.771241	0.353192	-0.974273	0.174065	1.203025	0.001087
2.420000	0.059027	0.771048	0.351994	-0.974159	0.173128	1.204522	0.001080
2.425000	0.059233	0.770851	0.350786	-0.974051	0.172184	1.206023	0.001072
2.430000	0.059438	0.770651	0.349567	-0.973947	0.171232	1.207526	0.001064
2.435000	0.059640	0.770446	0.348337	-0.973848	0.170273	1.209032	0.001056
2.440000	0.059841	0.770238	0.347098	-0.973754	0.169306	1.210539	0.001048
2.445000	0.060040	0.770026	0.345848	-0.973665	0.168333	1.212048	0.001041
2.450000	0.060237	0.769810	0.344588	-0.973581	0.167352	1.213559	0.001033
2.455000	0.060433	0.769590	0.343318	-0.973502	0.166363	1.215071	0.001025
2.460000	0.060627	0.769367	0.342038	-0.973429	0.165367	1.216584	0.001017
2.465000	0.060819	0.769139	0.340749	-0.973360	0.164364	1.218098	0.001010
2.470000	0.061009	0.768908	0.339449	-0.973297	0.163354	1.219612	0.001002
2.475000	0.061198	0.768673	0.338140	-0.973239	0.162336	1.221126	0.000994
2.480000	0.061385	0.768435	0.336821	-0.973186	0.161311	1.222639	0.000987
2.485000	0.061571	0.768193	0.335492	-0.973139	0.160279	1.224152	0.000979
2.490000	0.061754	0.767947	0.334154	-0.973096	0.159239	1.225665	0.000971
2.495000	0.061936	0.767698	0.332807	-0.973059	0.158192	1.227176	0.000964
2.500000	0.062117	0.767445	0.331450	-0.973028	0.157138	1.228686	0.000956
2.505000	0.062295	0.767188	0.330084	-0.973002	0.156076	1.230194	0.000948
2.510000	0.062472	0.766928	0.328710	-0.972981	0.155007	1.231701	0.000941
2.515000	0.062647	0.766665	0.327326	-0.972965	0.153931	1.233205	0.000933
2.520000	0.062821	0.766398	0.325933	-0.972955	0.152848	1.234707	0.000925
2.525000	0.062993	0.766127	0.324531	-0.972951	0.151758	1.236206	0.000918
2.530000	0.063163	0.765854	0.323120	-0.972952	0.150660	1.237702	0.000910
2.535000	0.063331	0.765576	0.321701	-0.972959	0.149556	1.239194	0.000902
2.540000	0.063498	0.765296	0.320273	-0.972971	0.148444	1.240684	0.000895
2.545000	0.063663	0.765012	0.318837	-0.972989	0.147325	1.242169	0.000887
2.550000	0.063827	0.764725	0.317392	-0.973012	0.146199	1.243650	0.000880
2.555000	0.063989	0.764435	0.315939	-0.973041	0.145066	1.245127	0.000872
2.560000	0.064149	0.764141	0.314477	-0.973075	0.143927	1.246599	0.000865
2.565000	0.064307	0.763844	0.313008	-0.973115	0.142780	1.248066	0.000857
2.570000	0.064464	0.763545	0.311530	-0.973161	0.141627	1.249528	0.000850
2.575000	0.064620	0.763242	0.310044	-0.973212	0.140466	1.250984	0.000842
2.580000	0.064773	0.762936	0.308551	-0.973269	0.139299	1.252435	0.000835
2.585000	0.064925	0.762626	0.307049	-0.973332	0.138126	1.253880	0.000827
2.590000	0.065076	0.762314	0.305540	-0.973400	0.136945	1.255318	0.000820
2.595000	0.065224	0.761999	0.304024	-0.973475	0.135759	1.256750	0.000812
2.600000	0.065371	0.761681	0.302499	-0.973554	0.134565	1.258176	0.000805
2.605000	0.065517	0.761360	0.300968	-0.973640	0.133365	1.259594	0.000797
2.610000	0.065661	0.761036	0.299429	-0.973731	0.132159	1.261005	0.000790
2.615000	0.065803	0.760710	0.297882	-0.973828	0.130947	1.262408	0.000782
2.620000	0.065944	0.760380	0.296329	-0.973931	0.129728	1.263804	0.000775
2.625000	0.066083	0.760048	0.294768	-0.974039	0.128503	1.265192	0.000767
2.630000	0.066221	0.759713	0.293201	-0.974154	0.127271	1.266571	0.000760
2.635000	0.066357	0.759375	0.291626	-0.974274	0.126034	1.267942	0.000753
2.640000	0.066491	0.759035	0.290045	-0.974399	0.124791	1.269304	0.000745
2.645000	0.066624	0.758692	0.288457	-0.974531	0.123542	1.270658	0.000738
2.650000	0.066755	0.758347	0.286863	-0.974668	0.122287	1.272002	0.000731
2.655000	0.066885	0.757999	0.285262	-0.974811	0.121027	1.273336	0.000723
2.660000	0.067013	0.757648	0.283654	-0.974960	0.119760	1.274661	0.000716
2.665000	0.067139	0.757295	0.282040	-0.975114	0.118489	1.275976	0.000709
2.670000	0.067264	0.756939	0.280420	-0.975274	0.117212	1.277281	0.000701
2.675000	0.067388	0.756581	0.278794	-0.975440	0.115929	1.278576	0.000694
2.680000	0.067510	0.756221	0.277162	-0.975612	0.114641	1.279859	0.000687
2.685000	0.067630	0.755859	0.275523	-0.975790	0.113348	1.281133	0.000680
2.690000	0.067749	0.755494	0.273879	-0.975973	0.112050	1.282395	0.000672
2.695000	0.067866	0.755127	0.272229	-0.976161	0.110747	1.283646	0.000665
2.700000	0.067982	0.754757	0.270574	-0.976356	0.109439	1.284885	0.000658
2.705000	0.068096	0.754386	0.268912	-0.976556	0.108126	1.286113	0.000651
2.710000	0.068209	0.754012	0.267246	-0.976762	0.106809	1.287329	0.000644
2.715000	0.068320	0.753636	0.265574	-0.976974	0.105487	1.288533	0.000637
2.720000	0.068430	0.753259	0.263896	-0.977191	0.104161	1.289725	0.000630
2.725000	0.068538	0.752879	0.262214	-0.977414	0.102830	1.290904	0.000622
2.730000	0.068645	0.752497	0.260526	-0.977642	0.101495	1.292071	0.000615
2.735000	0.068750	0.752114	0.258834	-0.977876	0.100156	1.293224	0.000608
2.740000	0.068854	0.751728	0.257136	-0.978116	0.098813	1.294365	0.000601
2.745000	0.068956	0.751341	0.255434	-0.978361	0.097467	1.295493	0.000595
2.750000	0.069056	0.750952	0.253726	-0.978612	0.096116	1.296607	0.000588
2.755000	0.069156	0.750561	0.252015	-0.978868	0.094762	1.297708	0.000581
2.760000	0.069253	0.750168	0.250299	-0.979130	0.093404	1.298795	0.000574
2.765000	0.069350	0.749774	0.248578	-0.979397	0.092043	1.299868	0.000567
2.770000	0.069444	0.749378	0.246853	-0.979670	0.090679	1.300927	0.000560
2.775000	0.069538	0.748980	0.245124	-0.979948	0.089312	1.301971	0.000553
2.780000	0.069630	0.748581	0.243390	-0.980232	0.087941	1.303002	0.000547
2.785000	0.069720	0.748180	0.241653	-0.980521	0.086568	1.304018	0.000540
2.790000	0.069809	0.747778	0.239912	-0.980815	0.085193	1.305019	0.000533
2.795000	0.069896	0.747375	0.238167	-0.981114	0.083814	1.306005	0.000527
2.800000	0.069982	0.746970	0.236418	-0.981419	0.082433	1.306976	0.000520
2.805000	0.070066	0.746563	0.234665	-0.981729	0.081050	1.307932	0.000513
2.810000	0.070149	0.746156	0.232909	-0.982045	0.079665	1.308873	0.000507
2.815000	0.070231	0.745747	0.231150	-0.982365	0.078278	1.309798	0.000500
2.820000	0.070311	0.745337	0.229387	-0.982691	0.076889	1.310708	0.000494
2.825000	0.070390	0.744925	0.227621	-0.983022	0.075498	1.311602	0.000487
2.830000	0.070467	0.744513	0.225852	-0.983358	0.074106	1.312480	0.000481
2.835000	0.070543	0.744099	0.224080	-0.983699	0.072712	1.313343	0.000475
2.840000	0.070617	0.743685	0.222305	-0.984045	0.071317	1.314189	0.000468
2.845000	0.070690	0.743269	0.220527	-0.984396	0.069921	1.315019	0.000462
2.850000	0.070761	0.742853	0.218746	-0.984752	0.068524	1.315833	0.000456
2.855000	0.070831	0.742435	0.216963	-0.985113	0.067126	1.316630	0.000450
2.860000	0.070899	0.742017	0.215178	-0.985479	0.065728	1.317411	0.000444
2.865000	0.070966	0.741598	0.213389	-0.985849	0.064329	1.318175	0.000437
2.870000	0.071031	0.741178	0.211599	-0.986224	0.062929	1.318923	0.000431
2.875000	0.071095	0.740757	0.209806	-0.986605	0.061530	1.319653	0.000425
2.880000	0.071158	0.740335	0.208011	-0.986989	0.060130	1.320367	0.000419
2.885000	0.071219	0.739913	0.206215	-0.987379	0.058731	1.321064	0.000414
2.890000	0.071279	0.739490	0.204416	-0.987773	0.057332	1.321744	0.000408
2.895000	0.071337	0.739067	0.202616	-0.988171	0.055933	1.322407	0.000402
2.900000	0.071394	0.738643	0.200813	-0.988574	0.054535	1.323052	0.000396
2.905000	0.071449	0.738218	0.199010	-0.988982	0.053138	1.323681	0.000390
2.910000	0.071503	0.737794	0.197204	-0.989394	0.051742	1.324291	0.000385
2.915000	0.071555	0.737368	0.195398	-0.989810	0.050347	1.324885	0.000379
2.920000	0.071606	0.736943	0.193590	-0.990230	0.048953	1.325461	0.000374
2.925000	0.071655	0.736516	0.191781	-0.990655	0.047560	1.326020	0.000368
2.930000	0.071703	0.736090	0.189971	-0.991084	0.046170	1.326560	0.000363
2.935000	0.071749	0.735664	0.188160	-0.991517	0.044781	1.327084	0.000357
2.940000	0.071794	0.735237	0.186348	-0.991955	0.043394	1.327589	0.000352
2.945000	0.071837	0.734810	0.184535	-0.992396	0.042009	1.328077	0.000346
2.950000	0.071879	0.734383	0.182722	-0.992841	0.040626	1.328548	0.000341
2.955000	0.071919	0.733955	0.180908	-0.993290	0.039246	1.329000	0.000336
2.960000	0.071958	0.733528	0.179094	-0.993743	0.037869	1.329435	0.000331
2.965000	0.071996	0.733101	0.177279	-0.994200	0.036494	1.329852	0.000326
2.970000	0.072032	0.732674	0.175464	-0.994661	0.035122	1.330251	0.000321
2.975000	0.072066	0.732247	0.173649	-0.995125	0.033754	1.330632	0.000316
2.980000	0.072099	0.731820	0.171834	-0.995593	0.032388	1.330996	0.000311
2.985000	0.072130	0.731393	0.170019	-0.996064	0.031027	1.331341	0.000306
2.990000	0.072160	0.730966	0.168205	-0.996539	0.029669	1.331669	0.000301
2.995000	0.072188	0.730540	0.166390	-0.997018	0.028314	1.331978	0.000296
3.000000	0.072214	0.730114	0.164576	-0.997499	0.026964	1.332270	0.000292
3.005000	0.072240	0.729688	0.162763	-0.997984	0.025618	1.332545	0.000287
3.010000	0.072263	0.729262	0.160950	-0.998473	0.024276	1.332801	0.000283
3.015000	0.072285	0.728837	0.159138	-0.998964	0.022939	1.333039	0.000278
3.020000	0.072305	0.728413	0.157327	-0.999459	0.021606	1.333260	0.000274
3.025000	0.072324	0.727989	0.155517	-0.999956	0.020279	1.333463	0.000269
3.030000	0.072342	0.727565	0.153708	-1.000457	0.018956	1.333648	0.000265
3.035000	0.072357	0.727142	0.151900	-1.000961	0.017638	1.333815	0.000261
3.040000	0.072371	0.726720	0.150093	-1.001467	0.016326	1.333965	0.000256
3.045000	0.072384	0.726298	0.148288	-1.001976	0.015020	1.334097	0.000252
3.050000	0.072395	0.725877	0.146484	-1.002488	0.013719	1.334212	0.000248
3.055000	0.072404	0.725456	0.144681	-1.003003	0.012424	1.334309	0.000244
3.060000	0.072411	0.725037	0.142881	-1.003520	0.011135	1.334388	0.000240
3.065000	0.072417	0.724618	0.141082	-1.004039	0.009852	1.334450	0.000236
3.070000	0.072422	0.724200	0.139285	-1.004562	0.008576	1.334495	0.000232
3.075000	0.072424	0.723783	0.137491	-1.005086	0.007306	1.334522	0.000228
3.080000	0.072425	0.723367	0.135698	-1.005613	0.006043	1.334533	0.000225
3.085000	0.072425	0.722951	0.133908	-1.006142	0.004787	1.334526	0.000221
3.090000	0.072422	0.722537	0.132120	-1.006673	0.003538	1.334501	0.000217
3.095000	0.072418	0.722124	0.130334	-1.007206	0.002296	1.334460	0.000214
3.100000	0.072412	0.721711	0.128551	-1.007741	0.001062	1.334402	0.000210
3.105000	0.072405	0.721300	0.126771	-1.008278	-0.000165	1.334327	0.000207
3.110000	0.072396	0.720890	0.124993	-1.008817	-0.001384	1.334236	0.000203
3.115000	0.072385	0.720481	0.123219	-1.009358	-0.002596	1.334127	0.000200
3.120000	0.072372	0.720073	0.121447	-1.009900	-0.003799	1.334003	0.000197
3.125000	0.072358	0.719667	0.119679	-1.010445	-0.004994	1.333861	0.000194
3.130000	0.072342	0.719262	0.117913	-1.010990	-0.006181	1.333703	0.000190
3.135000	0.072324	0.718858	0.116152	-1.011537	-0.007359	1.333529	0.000187
3.140000	0.072304	0.718455	0.114393	-1.012086	-0.008528	1.333339	0.000184
3.145000	0.072283	0.718054	0.112638	-1.012636	-0.009689	1.333133	0.000181
3.150000	0.072260	0.717654	0.110887	-1.013187	-0.010840	1.332911	0.000178
3.155000	0.072235	0.717256	0.109139	-1.013739	-0.011983	1.332673	0.000175
3.160000	0.072208	0.716859	0.107396	-1.014293	-0.013116	1.332420	0.000173
3.165000	0.072179	0.716463	0.105656	-1.014847	-0.014240	1.332151	0.000170
3.170000	0.072148	0.716069	0.103920	-1.015403	-0.015354	1.331866	0.000167
3.175000	0.072116	0.715677	0.102189	-1.015959	-0.016458	1.331566	0.000165
3.180000	0.072082	0.715286	0.100462	-1.016517	-0.017552	1.331251	0.000162
3.185000	0.072046	0.714897	0.098739	-1.017074	-0.018637	1.330922	0.000159
3.190000	0.072008	0.714509	0.097021	-1.017633	-0.019711	1.330577	0.000157
3.195000	0.071968	0.714123	0.095307	-1.018192	-0.020774	1.330217	0.000154
3.200000	0.071926	0.713739	0.093598	-1.018752	-0.021828	1.329843	0.000152
3.205000	0.071882	0.713357	0.091894	-1.019312	-0.022870	1.329455	0.000150
3.210000	0.071837	0.712976	0.090195	-1.019873	-0.023902	1.329052	0.000147
3.215000	0.071789	0.712597	0.088501	-1.020433	-0.024922	1.328635	0.000145
3.220000	0.071740	0.712220	0.086812	-1.020994	-0.025932	1.328204	0.000143
3.225000	0.071688	0.711845	0.085128	-1.021555	-0.026930	1.327760	0.000141
3.230000	0.071635	0.711472	0.083450	-1.022117	-0.027917	1.327302	0.000139
3.235000	0.071579	0.711100	0.081777	-1.022678	-0.028893	1.326830	0.000137
3.240000	0.071522	0.710731	0.080109	-1.023239	-0.029857	1.326345	0.000135
3.245000	0.071463	0.710363	0.078447	-1.023800	-0.030809	1.325847	0.000133
3.250000	0.071401	0.709997	0.076792	-1.024360	-0.031749	1.325337	0.000131
3.255000	0.071338	0.709634	0.075141	-1.024921	-0.032677	1.324813	0.000129
3.260000	0.071272	0.709272	0.073497	-1.025481	-0.033593	1.324277	0.000127
3.265000	0.071205	0.708913	0.071859	-1.026040	-0.034497	1.323728	0.000126
3.270000	0.071135	0.708555	0.070227	-1.026599	-0.035388	1.323168	0.000124
3.275000	0.071063	0.708200	0.068602	-1.027157	-0.036267	1.322595	0.000122
3.280000	0.070990	0.707847	0.066983	-1.027715	-0.037133	1.322010	0.000121
3.285000	0.070914	0.707496	0.065370	-1.028272	-0.037986	1.321414	0.000119
3.290000	0.070836	0.707147	0.063764	-1.028828	-0.038826	1.320807	0.000118
3.295000	0.070756	0.706800	0.062164	-1.029383	-0.039653	1.320188	0.000116
3.300000	0.070673	0.706456	0.060572	-1.029937	-0.040467	1.319558	0.000115
3.305000	0.070589	0.706113	0.058986	-1.030490	-0.041268	1.318917	0.000114
3.310000	0.070502	0.705773	0.057407	-1.031042	-0.042055	1.318266	0.000112
3.315000	0.070414	0.705436	0.055835	-1.031593	-0.042829	1.317604	0.000111
3.320000	0.070323	0.705100	0.054271	-1.032143	-0.043589	1.316933	0.000110
3.325000	0.070230	0.704767	0.052714	-1.032691	-0.044335	1.316251	0.000109
3.330000	0.070135	0.704436	0.051164	-1.033238	-0.045067	1.315559	0.000108
3.335000	0.070037	0.704108	0.049622	-1.033783	-0.045786	1.314858	0.000106
3.340000	0.069938	0.703782	0.048087	-1.034327	-0.046490	1.314147	0.000105
3.345000	0.069836	0.703458	0.046560	-1.034870	-0.047181	1.313428	0.000104
3.350000	0.069732	0.703137	0.045040	-1.035410	-0.047857	1.312699	0.000103
3.355000	0.069625	0.702818	0.043529	-1.035949	-0.048518	1.311961	0.000103
3.360000	0.069516	0.702501	0.042026	-1.036486	-0.049165	1.311216	0.000102
3.365000	0.069406	0.702187	0.040530	-1.037021	-0.049798	1.310461	0.000101
3.370000	0.069292	0.701875	0.039043	-1.037555	-0.050416	1.309699	0.000100
3.375000	0.069177	0.701566	0.037564	-1.038086	-0.051019	1.308929	0.000099
3.380000	0.069059	0.701259	0.036093	-1.038615	-0.051607	1.308152	0.000099
3.385000	0.068939	0.700955	0.034631	-1.039142	-0.052180	1.307367	0.000098
3.390000	0.068817	0.700654	0.033177	-1.039667	-0.052739	1.306574	0.000097
3.395000	0.068692	0.700354	0.031732	-1.040190	-0.053282	1.305775	0.000097
3.400000	0.068565	0.700058	0.030296	-1.040710	-0.053809	1.304970	0.000096
3.405000	0.068436	0.699764	0.028868	-1.041228	-0.054322	1.304157	0.000095
3.410000	0.068304	0.699472	0.027450	-1.041743	-0.054819	1.303339	0.000095
3.415000	0.068170	0.699183	0.026040	-1.042257	-0.055301	1.302514	0.000095
3.420000	0.068033	0.698897	0.024640	-1.042767	-0.055767	1.301684	0.000094
3.425000	0.067895	0.698613	0.023248	-1.043275	-0.056217	1.300848	0.000094
3.430000	0.067753	0.698332	0.021866	-1.043780	-0.056652	1.300007	0.000093
3.435000	0.067610	0.698053	0.020493	-1.044283	-0.057071	1.299161	0.000093
3.440000	0.067464	0.697777	0.019130	-1.044782	-0.057474	1.298310	0.000093
3.445000	0.067315	0.697504	0.017776	-1.045279	-0.057861	1.297454	0.000093
3.450000	0.067164	0.697233	0.016432	-1.045773	-0.058233	1.296594	0.000092
3.455000	0.067011	0.696965	0.015097	-1.046264	-0.058588	1.295729	0.000092
3.460000	0.066856	0.696699	0.013773	-1.046752	-0.058927	1.294861	0.000092
3.465000	0.066697	0.696436	0.012458	-1.047237	-0.059250	1.293989	0.000092
3.470000	0.066537	0.696176	0.011153	-1.047719	-0.059556	1.293114	0.000092
3.475000	0.066374	0.695919	0.009858	-1.048198	-0.059846	1.292236	0.000092
3.480000	0.066208	0.695664	0.008573	-1.048673	-0.060120	1.291354	0.000092
3.485000	0.066041	0.695411	0.007299	-1.049145	-0.060378	1.290470	0.000092
3.490000	0.065870	0.695162	0.006034	-1.049614	-0.060618	1.289583	0.000092
3.495000	0.065697	0.694915	0.004781	-1.050080	-0.060843	1.288694	0.000092
3.500000	0.065522	0.694670	0.003537	-1.050542	-0.061050	1.287803	0.000093
3.505000	0.065344	0.694429	0.002304	-1.051001	-0.061242	1.286910	0.000093
3.510000	0.065164	0.694190	0.001082	-1.051456	-0.061416	1.286015	0.000093
3.515000	0.064981	0.693953	-0.000130	-1.051908	-0.061574	1.285119	0.000093
3.520000	0.064796	0.693720	-0.001331	-1.052356	-0.061714	1.284222	0.000094
3.525000	0.064608	0.693489	-0.002521	-1.052800	-0.061838	1.283325	0.000094
3.530000	0.064418	0.693260	-0.003700	-1.053241	-0.061946	1.282426	0.000095
3.535000	0.064225	0.693035	-0.004868	-1.053679	-0.062036	1.281527	0.000095
3.540000	0.064030	0.692812	-0.006025	-1.054112	-0.062109	1.280628	0.000096
3.545000	0.063832	0.692591	-0.007171	-1.054542	-0.062165	1.279729	0.000096
3.550000	0.063632	0.692374	-0.008305	-1.054968	-0.062205	1.278830	0.000097
3.555000	0.063430	0.692159	-0.009429	-1.055390	-0.062227	1.277931	0.000097
3.560000	0.063224	0.691946	-0.010541	-1.055808	-0.062232	1.277033	0.000098
3.565000	0.063017	0.691737	-0.011641	-1.056222	-0.062220	1.276136	0.000099
3.570000	0.062806	0.691530	-0.012730	-1.056632	-0.062191	1.275241	0.000099
3.575000	0.062593	0.691325	-0.013808	-1.057038	-0.062144	1.274346	0.000100
3.580000	0.062378	0.691123	-0.014874	-1.057441	-0.062081	1.273453	0.000101
3.585000	0.062160	0.690924	-0.015928	-1.057839	-0.062000	1.272562	0.000102
3.590000	0.061940	0.690728	-0.016970	-1.058233	-0.061902	1.271673	0.000103
3.595000	0.061717	0.690534	-0.018000	-1.058623	-0.061787	1.270787	0.000104
3.600000	0.061492	0.690342	-0.019019	-1.059009	-0.061654	1.269902	0.000105
3.605000	0.061264	0.690154	-0.020025	-1.059390	-0.061504	1.269020	0.000106
3.610000	0.061034	0.689968	-0.021020	-1.059768	-0.061337	1.268142	0.000107
3.615000	0.060801	0.689784	-0.022002	-1.060141	-0.061152	1.267266	0.000108
3.620000	0.060565	0.689603	-0.022972	-1.060510	-0.060951	1.266393	0.000110
3.625000	0.060327	0.689425	-0.023930	-1.060875	-0.060732	1.265524	0.000111
3.630000	0.060087	0.689249	-0.024875	-1.061235	-0.060495	1.264659	0.000112
3.635000	0.059844	0.689076	-0.025808	-1.061591	-0.060241	1.263798	0.000114
3.640000	0.059599	0.688905	-0.026729	-1.061943	-0.059970	1.262940	0.000115
3.645000	0.059351	0.688737	-0.027637	-1.062290	-0.059682	1.262087	0.000116
3.650000	0.059100	0.688571	-0.028533	-1.062633	-0.059376	1.261239	0.000118
3.655000	0.058847	0.688408	-0.029416	-1.062972	-0.059053	1.260395	0.000120
3.660000	0.058592	0.688247	-0.030286	-1.063306	-0.058712	1.259556	0.000121
3.665000	0.058334	0.688089	-0.031143	-1.063636	-0.058354	1.258722	0.000123
3.670000	0.058074	0.687934	-0.031988	-1.063962	-0.057979	1.257893	0.000125
3.675000	0.057811	0.687781	-0.032820	-1.064283	-0.057587	1.257069	0.000126
3.680000	0.057546	0.687630	-0.033639	-1.064599	-0.057177	1.256252	0.000128
3.685000	0.057278	0.687482	-0.034445	-1.064911	-0.056750	1.255440	0.000130
3.690000	0.057008	0.687336	-0.035238	-1.065219	-0.056305	1.254634	0.000132
3.695000	0.056735	0.687193	-0.036017	-1.065522	-0.055844	1.253834	0.000134
3.700000	0.056460	0.687052	-0.036784	-1.065820	-0.055365	1.253041	0.000136
3.705000	0.056182	0.686913	-0.037537	-1.066114	-0.054869	1.252253	0.000139
3.710000	0.055902	0.686777	-0.038278	-1.066404	-0.054356	1.251473	0.000141
3.715000	0.055620	0.686643	-0.039005	-1.066689	-0.053825	1.250700	0.000143
3.720000	0.055335	0.686512	-0.039718	-1.066969	-0.053278	1.249933	0.000146
3.725000	0.055048	0.686382	-0.040418	-1.067245	-0.052713	1.249173	0.000148
3.730000	0.054758	0.686256	-0.041105	-1.067517	-0.052132	1.248421	0.000151
3.735000	0.054466	0.686131	-0.041778	-1.067784	-0.051533	1.247677	0.000153
3.740000	0.054171	0.686009	-0.042438	-1.068046	-0.050917	1.246939	0.000156
3.745000	0.053874	0.685889	-0.043084	-1.068304	-0.050285	1.246210	0.000159
3.750000	0.053575	0.685772	-0.043716	-1.068557	-0.049635	1.245489	0.000161
3.755000	0.053274	0.685656	-0.044335	-1.068806	-0.048968	1.244775	0.000164
3.760000	0.052970	0.685543	-0.044940	-1.069050	-0.048285	1.244070	0.000167
3.765000	0.052663	0.685432	-0.045531	-1.069290	-0.047585	1.243373	0.000170
3.770000	0.052355	0.685324	-0.046108	-1.069525	-0.046868	1.242684	0.000173
3.775000	0.052044	0.685217	-0.046672	-1.069756	-0.046134	1.242004	0.000177
3.780000	0.051731	0.685113	-0.047221	-1.069982	-0.045384	1.241333	0.000180
3.785000	0.051415	0.685011	-0.047757	-1.070204	-0.044617	1.240671	0.000183
3.790000	0.051097	0.684911	-0.048279	-1.070422	-0.043833	1.240017	0.000187
3.795000	0.050777	0.684813	-0.048786	-1.070634	-0.043033	1.239373	0.000190
3.800000	0.050455	0.684717	-0.049280	-1.070843	-0.042217	1.238738	0.000194
3.805000	0.050130	0.684623	-0.049759	-1.071047	-0.041384	1.238112	0.000198
3.810000	0.049803	0.684531	-0.050225	-1.071246	-0.040535	1.237495	0.000201
3.815000	0.049474	0.684442	-0.050676	-1.071441	-0.039669	1.236888	0.000205
3.820000	0.049142	0.684354	-0.051113	-1.071632	-0.038787	1.236291	0.000209
3.825000	0.048809	0.684269	-0.051535	-1.071818	-0.037890	1.235703	0.000213
3.830000	0.048473	0.684185	-0.051944	-1.072000	-0.036976	1.235125	0.000217
3.835000	0.048135	0.684104	-0.052338	-1.072177	-0.036046	1.234557	0.000222
3.840000	0.047795	0.684024	-0.052717	-1.072351	-0.035100	1.233998	0.000226
3.845000	0.047452	0.683947	-0.053082	-1.072520	-0.034138	1.233450	0.000230
3.850000	0.047108	0.683871	-0.053433	-1.072684	-0.033160	1.232912	0.000235
3.855000	0.046761	0.683797	-0.053770	-1.072844	-0.032167	1.232384	0.000240
3.860000	0.046412	0.683725	-0.054091	-1.073001	-0.031158	1.231867	0.000244
3.865000	0.046061	0.683655	-0.054399	-1.073152	-0.030134	1.231360	0.000249
3.870000	0.045708	0.683587	-0.054692	-1.073300	-0.029094	1.230863	0.000254
3.875000	0.045353	0.683521	-0.054970	-1.073444	-0.028038	1.230376	0.000259
3.880000	0.044996	0.683457	-0.055233	-1.073583	-0.026968	1.229901	0.000264
3.885000	0.044637	0.683394	-0.055482	-1.073718	-0.025882	1.229435	0.000270
3.890000	0.044275	0.683333	-0.055716	-1.073849	-0.024781	1.228981	0.000275
3.895000	0.043912	0.683274	-0.055936	-1.073976	-0.023664	1.228537	0.000280
3.900000	0.043547	0.683217	-0.056141	-1.074099	-0.022533	1.228104	0.000286
3.905000	0.043180	0.683161	-0.056331	-1.074218	-0.021387	1.227681	0.000292
3.910000	0.042810	0.683107	-0.056506	-1.074333	-0.020227	1.227269	0.000298
3.915000	0.042439	0.683055	-0.056667	-1.074444	-0.019051	1.226868	0.000303
3.920000	0.042066	0.683005	-0.056812	-1.074551	-0.017861	1.226478	0.000309
3.925000	0.041691	0.682956	-0.056943	-1.074654	-0.016657	1.226099	0.000316
3.930000	0.041314	0.682909	-0.057059	-1.074754	-0.015438	1.225731	0.000322
3.935000	0.040935	0.682864	-0.057160	-1.074849	-0.014205	1.225374	0.000328
3.940000	0.040554	0.682820	-0.057247	-1.074941	-0.012958	1.225027	0.000335
3.945000	0.040171	0.682777	-0.057318	-1.075029	-0.011696	1.224692	0.000341
3.950000	0.039786	0.682737	-0.057374	-1.075113	-0.010421	1.224367	0.000348
3.955000	0.039400	0.682698	-0.057416	-1.075194	-0.009132	1.224053	0.000355
3.960000	0.039012	0.682660	-0.057442	-1.075271	-0.007829	1.223750	0.000362
3.965000	0.038621	0.682624	-0.057453	-1.075344	-0.006513	1.223459	0.000369
3.970000	0.038230	0.682590	-0.057450	-1.075414	-0.005183	1.223178	0.000376
3.975000	0.037836	0.682557	-0.057431	-1.075480	-0.003839	1.222908	0.000384
3.980000	0.037440	0.682525	-0.057397	-1.075543	-0.002483	1.222648	0.000391
3.985000	0.037043	0.682495	-0.057348	-1.075602	-0.001113	1.222400	0.000399
3.990000	0.036644	0.682466	-0.057285	-1.075658	0.000270	1.222163	0.000407
3.995000	0.036244	0.682439	-0.057206	-1.075711	0.001666	1.221936	0.000414
4.000000	0.035841	0.682414	-0.057111	-1.075760	0.003074	1.221720	0.000422
