# Trial: 2
# Angle[deg]: -30
# Timestamp: 20260306_192419

Fx [N], Fy [N], Fz [N], Mx [Nm], My [Nm], Mz [Nm]
0.655116, 0.404913, 0.631928, -0.041405, 0.0443659, -0.0194125
0.755775, 0.512408, 1.00506, -0.0507724, 0.0478931, -0.020068
0.856714, 0.531407, 1.02869, -0.0532203, 0.0511018, -0.0225216
1.00278, 0.487743, 1.08638, -0.0533691, 0.0576679, -0.0271533
1.19202, 0.469621, 1.03843, -0.0501396, 0.0663817, -0.0299498
1.46842, 0.435103, 0.946488, -0.050289, 0.08328, -0.0306068
1.71728, 0.469016, 1.08164, -0.0493094, 0.0922363, -0.0283056
1.82761, 0.451855, 1.10221, -0.0490927, 0.0986369, -0.0247767
1.94918, 0.443385, 1.14476, -0.0498129, 0.101919, -0.0168654
2.01637, 0.430308, 0.996459, -0.0479578, 0.101148, -0.00321837
2.03675, 0.48466, 1.0747, -0.0517015, 0.0983211, 0.0045821
2.02983, 0.495483, 1.01299, -0.0551824, 0.102578, 0.00650239
2.27594, 0.450792, 0.776655, -0.0559621, 0.113336, 0.00418281
2.52312, 0.489682, 1.09747, -0.0631994, 0.127923, -0.00400339
2.70685, 0.527586, 1.35102, -0.0652215, 0.13467, -0.00905517
2.85737, 0.536927, 1.59822, -0.0667861, 0.13932, -0.0117743
2.90644, 0.642297, 2.03468, -0.0709397, 0.143473, -0.00308268
3.00206, 0.564248, 1.60633, -0.0629382, 0.141708, 0.00669774
3.07536, 0.542238, 1.75241, -0.058866, 0.141545, 0.00917143
3.2405, 0.544093, 1.96081, -0.0517382, 0.149292, 0.00211101
3.37057, 0.51252, 1.99789, -0.0447414, 0.154996, -0.00659063
3.58726, 0.502169, 2.1901, -0.0429821, 0.166001, -0.0106239
3.69841, 0.480074, 2.27904, -0.0392044, 0.172078, -0.0112157
3.8503, 0.442607, 1.86532, -0.0335997, 0.176879, -0.00375358
3.95878, 0.362348, 1.4872, -0.0328791, 0.180308, 0.00380217
4.0341, 0.402915, 1.72101, -0.0316591, 0.18303, 0.0052765
4.21739, 0.512884, 2.3465, -0.0363876, 0.196504, 0.00657526
4.44327, 0.444333, 2.10669, -0.0343334, 0.203664, 0.00926555
4.46606, 0.40856, 1.94635, -0.0311804, 0.200765, 0.00938904
4.40583, 0.394686, 1.80932, -0.0307905, 0.197964, 0.00597983
4.52682, 0.451219, 1.88126, -0.0351129, 0.206398, 0.00822179
4.66745, 0.488001, 1.86506, -0.0409969, 0.211206, 0.0119417
4.65683, 0.534107, 2.14177, -0.0479179, 0.208425, 0.0120499
4.6813, 0.553746, 2.08027, -0.0495144, 0.20738, 0.0136738
4.65324, 0.573167, 2.03087, -0.0502866, 0.204151, 0.0182319
4.60009, 0.62929, 2.16502, -0.0549773, 0.204288, 0.018882
4.60111, 0.680658, 2.23627, -0.0533117, 0.203028, 0.0183646
4.63573, 0.579403, 1.88634, -0.0465794, 0.204085, 0.0162796
4.69905, 0.50949, 1.64381, -0.041033, 0.208317, 0.0147745
4.90059, 0.486484, 1.08024, -0.0384118, 0.218473, 0.0162531
5.17624, 0.417363, 0.472681, -0.0366818, 0.231194, 0.018916
5.32614, 0.561592, 0.919354, -0.0477058, 0.237352, 0.0210734
5.41065, 0.599718, 1.21298, -0.0524766, 0.240699, 0.0204664
5.45345, 0.573091, 0.898069, -0.0479429, 0.240994, 0.0182016
5.43158, 0.483059, 0.466098, -0.0433596, 0.238732, 0.0145526
5.56739, 0.560169, 0.604046, -0.0368349, 0.24798, 0.00924408
5.66935, 0.542776, 0.873493, -0.0335075, 0.255017, 0.000678813
5.67823, 0.475764, 0.759529, -0.0296831, 0.253794, 0.00233517
5.61998, 0.509054, 0.96292, -0.0317984, 0.247605, 0.00905246
5.6403, 0.575119, 0.814336, -0.0341103, 0.252098, 0.0140331
5.77518, 0.602409, 0.875543, -0.0388141, 0.254733, 0.0139293
5.77985, 0.599585, 0.624659, -0.0399015, 0.254428, 0.0139396
5.71514, 0.633547, 1.0007, -0.0464014, 0.248433, 0.0144103
5.773, 0.681588, 1.31017, -0.0523189, 0.254027, 0.0118915
5.91351, 0.766162, 1.48196, -0.0589072, 0.263067, 0.00654453
5.90637, 0.682246, 1.13342, -0.0563292, 0.257931, 0.00613982
5.84862, 0.616208, 0.636554, -0.0508903, 0.259974, 0.00989193
6.06263, 0.47725, -0.0858195, -0.0390935, 0.272328, 0.012131
6.36375, 0.549258, 0.352388, -0.0397531, 0.280855, 0.013481
6.33377, 0.668381, 0.514708, -0.0408451, 0.27931, 0.0152297
6.34044, 0.639183, 0.46931, -0.0450947, 0.279116, 0.0151016
6.34864, 0.634459, 0.251805, -0.0464679, 0.279505, 0.0125815
6.39659, 0.66363, 0.44432, -0.0523581, 0.282728, 0.00918815
6.48824, 0.770459, 1.12211, -0.0596401, 0.285712, 0.00832698
6.44199, 0.793572, 1.38975, -0.0605988, 0.283084, 0.00716923
6.3878, 0.749312, 1.14801, -0.0605856, 0.282935, 0.00681976
6.39766, 0.717053, 1.03212, -0.0542692, 0.280774, 0.00612536
6.32122, 0.697517, 0.791437, -0.0446223, 0.273728, 0.004978
6.21465, 0.648351, 0.737057, -0.0404737, 0.271505, 0.00290043
6.27266, 0.606115, 0.449439, -0.0353589, 0.278317, 0.00142395
6.30549, 0.62389, 0.672415, -0.036709, 0.282621, 0.00114713
6.2598, 0.678216, 0.958974, -0.037807, 0.275197, 0.000911449
6.20708, 0.671851, 0.989271, -0.0445662, 0.269603, 0.00507347
6.16858, 0.652172, 0.804906, -0.0458132, 0.268344, 0.00893134
6.18992, 0.721337, 0.846354, -0.0486066, 0.271291, 0.00640692
6.19204, 0.741452, 1.06693, -0.0499087, 0.27061, 0.00312019
6.17973, 0.713842, 0.949188, -0.0525699, 0.27274, 0.00209011
6.13784, 0.730563, 1.08735, -0.0577459, 0.275453, 0.00714426
6.05482, 0.762043, 1.2816, -0.0595995, 0.271504, 0.0136964
5.87406, 0.728779, 0.926965, -0.0521013, 0.261009, 0.0148957
5.84058, 0.678705, 0.675018, -0.050112, 0.25942, 0.0128422
5.83697, 0.711769, 0.795013, -0.0512505, 0.264469, 0.00774262
5.82456, 0.743462, 1.1654, -0.0570501, 0.264525, 0.00261402
5.66868, 0.687157, 0.934175, -0.0547714, 0.253873, 0.00248646
5.47206, 0.67943, 0.665321, -0.051849, 0.245776, 0.0102064
5.43009, 0.690809, 0.564355, -0.0527043, 0.244521, 0.0171459
5.35371, 0.678638, 0.502827, -0.0564099, 0.242505, 0.0185361
5.20494, 0.699274, 0.350213, -0.0568131, 0.234367, 0.0172614
5.12877, 0.680271, 0.257423, -0.0575084, 0.228782, 0.0131781
5.09694, 0.739775, 0.628774, -0.0634662, 0.228161, 0.00913189
5.04853, 0.737093, 0.649698, -0.0647541, 0.2283, 0.00280304
4.99719, 0.724233, 0.736999, -0.0653812, 0.227432, 0.000195012
4.94173, 0.676423, 0.355013, -0.0625676, 0.226584, 0.00260882
4.88773, 0.705328, 0.198417, -0.0585499, 0.22011, 0.00643652
4.79479, 0.620838, 0.0430099, -0.0535497, 0.218221, 0.0110303
4.79622, 0.600003, 0.127228, -0.0465523, 0.217309, 0.0136532
4.78324, 0.619531, 0.0486902, -0.0455261, 0.217021, 0.0157371
4.78689, 0.603099, -0.137681, -0.0491056, 0.214799, 0.0178952
4.73264, 0.585155, -0.371458, -0.0487757, 0.21046, 0.0162787
4.66048, 0.627657, -0.184103, -0.0518057, 0.207704, 0.0157797
4.67056, 0.710643, 0.24346, -0.0562148, 0.206988, 0.0143966
4.62446, 0.672558, 0.177488, -0.0561293, 0.206402, 0.010483
4.59996, 0.652861, 0.0131979, -0.0540309, 0.206296, 0.00665311
4.60407, 0.635268, -0.165345, -0.0490843, 0.204802, 0.00630862
4.50687, 0.62498, -0.152276, -0.0488586, 0.202281, 0.0101509
4.44908, 0.609607, -0.193693, -0.0487362, 0.199291, 0.013272
4.39906, 0.597214, -0.417982, -0.0496298, 0.199211, 0.0127552
4.32694, 0.549702, -0.613525, -0.0478293, 0.194961, 0.0133007
4.21608, 0.500438, -0.818842, -0.0442066, 0.188655, 0.0124118
4.07879, 0.477299, -0.748209, -0.0410023, 0.183343, 0.00990922
3.95459, 0.428782, -0.892981, -0.0337393, 0.173017, 0.00583103
3.75066, 0.391501, -1.08204, -0.0272984, 0.164856, 0.00235415
3.63899, 0.350916, -1.13335, -0.0253634, 0.164033, 0.00403661
3.57852, 0.327772, -1.44138, -0.0240487, 0.162472, 0.00921945
3.46899, 0.286417, -1.59913, -0.027311, 0.157186, 0.0125293
3.338, 0.353282, -1.34856, -0.0297308, 0.149612, 0.0120966
3.32125, 0.400909, -1.09885, -0.0311923, 0.148244, 0.0112867
3.34087, 0.449671, -0.760388, -0.0365508, 0.148053, 0.0104402
3.36959, 0.46209, -0.607618, -0.0379684, 0.149153, 0.0114579
3.33163, 0.468416, -0.582406, -0.0414824, 0.146931, 0.00999272
3.31199, 0.495438, -0.635535, -0.0419135, 0.144928, 0.0106376
3.29588, 0.528471, -0.370532, -0.0476982, 0.143265, 0.00761393
3.25516, 0.527212, -0.238652, -0.0471563, 0.14195, 0.00467102
3.21879, 0.499531, -0.390265, -0.0430662, 0.144079, 0.00459769
3.20784, 0.450262, -0.716306, -0.034876, 0.139551, 0.00842178
3.10374, 0.435156, -0.729802, -0.0305618, 0.138012, 0.0119702
3.13479, 0.414094, -0.8089, -0.029813, 0.140343, 0.0136193
3.19618, 0.427585, -1.04144, -0.0281625, 0.140814, 0.0139771
3.11638, 0.391239, -1.39893, -0.0301038, 0.140699, 0.0146245
3.03351, 0.412039, -1.66806, -0.0287581, 0.134602, 0.0133229
2.94897, 0.457402, -1.72183, -0.0294237, 0.131592, 0.0131345
2.90988, 0.464354, -1.58166, -0.0331829, 0.130104, 0.0101805
2.95856, 0.461472, -1.57847, -0.0306816, 0.130692, 0.00378262
3.03715, 0.437087, -1.56055, -0.032609, 0.136882, -0.00495585
3.12119, 0.451312, -1.53624, -0.0312148, 0.141637, -0.00725713
3.1232, 0.425441, -1.34209, -0.032822, 0.141447, -0.0102115
3.1091, 0.400091, -1.45903, -0.0315723, 0.142255, -0.0110827
3.20267, 0.39139, -1.61092, -0.0330599, 0.148142, -0.00980957
3.25439, 0.391648, -1.63876, -0.0364678, 0.151534, -0.00991092
3.24486, 0.374634, -1.80717, -0.0374488, 0.15274, -0.00792238
3.29052, 0.395007, -1.77855, -0.0372387, 0.152161, -0.00586877
3.36593, 0.346138, -1.9341, -0.0337729, 0.156955, -0.00962269
3.4525, 0.309343, -2.12362, -0.0299091, 0.162653, -0.011304
3.56861, 0.232615, -2.53755, -0.0265749, 0.167766, -0.0136013
3.68376, 0.225382, -2.683, -0.0239265, 0.173677, -0.0156072
3.83157, 0.191981, -2.74623, -0.0249876, 0.179646, -0.0152942
4.00485, 0.153023, -2.95397, -0.0245927, 0.188606, -0.0162734
4.21783, 0.0692677, -3.26025, -0.0242706, 0.198327, -0.0173141
4.26586, 0.015253, -3.42984, -0.0270501, 0.202877, -0.0160652
4.30773, 0.02483, -3.59909, -0.032154, 0.203883, -0.0140458
4.33536, 0.0104756, -3.71375, -0.0364943, 0.208643, -0.011124
4.36141, -0.0165741, -3.89782, -0.0378912, 0.207494, -0.00674881
4.44786, -0.0492374, -4.1738, -0.0365666, 0.212021, -0.00476841
4.56074, -0.0717409, -4.35544, -0.0299672, 0.215892, -0.00800441
4.53815, -0.147285, -4.50159, -0.0249278, 0.218183, -0.01215
4.60704, -0.148588, -4.70127, -0.0244994, 0.221542, -0.0146312
4.63256, -0.136565, -4.63047, -0.0298073, 0.222253, -0.0145096
4.57963, -0.136423, -4.70023, -0.0289838, 0.220087, -0.0129339
4.56379, -0.12294, -4.65732, -0.0290644, 0.218623, -0.0150167
4.63211, -0.204316, -4.84916, -0.0283231, 0.222796, -0.01907
4.6557, -0.22363, -4.5638, -0.0283095, 0.22351, -0.0203391
4.64599, -0.258544, -4.55344, -0.0287258, 0.223955, -0.0189396
4.6469, -0.235169, -4.54222, -0.0289528, 0.225115, -0.0162772
4.6273, -0.204894, -4.31227, -0.0321716, 0.222024, -0.00938972
4.56611, -0.226753, -4.53824, -0.0256618, 0.217774, -0.00363009
4.50502, -0.267369, -4.64349, -0.0224856, 0.215002, -0.00234749
4.46327, -0.231014, -4.54513, -0.0181156, 0.213823, -0.00322334
4.50557, -0.251147, -4.59292, -0.0124539, 0.21496, -0.00723193
4.53497, -0.284397, -4.69419, -0.0113446, 0.21494, -0.0104378
4.4829, -0.323226, -4.97846, -0.00997238, 0.214621, -0.0085586
4.39917, -0.319663, -5.00008, -0.012696, 0.211637, -0.00296235
4.44728, -0.320156, -5.11404, -0.0168915, 0.21078, 0.00043646
4.42906, -0.336882, -5.3013, -0.0155337, 0.211943, 0.00102206
4.34843, -0.33186, -5.53383, -0.0112724, 0.207906, 0.000176256
4.33289, -0.370995, -5.4894, -0.0117383, 0.206037, -0.000494874
4.37747, -0.299232, -5.18519, -0.011146, 0.204334, -0.000509788
4.39161, -0.328163, -5.14249, -0.0104752, 0.207447, -0.00271932
4.35701, -0.300331, -4.8921, -0.00957784, 0.202741, -0.00354366
4.31711, -0.277912, -4.73735, -0.0110648, 0.204227, -0.000535887
4.3515, -0.206175, -4.58266, -0.0130538, 0.203872, 0.00283502
4.3947, -0.265523, -4.8518, -0.015388, 0.204338, 0.00257153
4.33187, -0.248077, -5.02906, -0.014866, 0.202299, 0.00421061
4.26788, -0.253073, -5.21885, -0.0135881, 0.199993, 0.00177725
4.26892, -0.254821, -4.99795, -0.0164481, 0.201577, -0.000881282
4.30343, -0.288721, -5.16568, -0.0127695, 0.202989, -0.00842867
4.28216, -0.349114, -5.48664, -0.00936317, 0.203357, -0.00775426
4.20461, -0.366187, -5.67271, -0.00873779, 0.19766, -0.00643844
4.11307, -0.365137, -5.50451, -0.00914793, 0.191613, 0.000438268
4.11589, -0.324556, -5.45638, -0.00735113, 0.19258, 0.00402192
4.10118, -0.271422, -5.05342, -0.00615044, 0.190854, 0.00390012
4.12738, -0.299477, -5.16413, -0.00212502, 0.193694, -7.82985e-05
4.16716, -0.330538, -5.25849, 0.00107223, 0.195624, -0.00562981
4.21701, -0.345138, -5.4116, 0.00161693, 0.197583, -0.00643053
4.28049, -0.363068, -5.43385, -0.00279378, 0.201298, -0.000406293
4.28989, -0.293649, -5.25352, -0.0112607, 0.199019, 0.00244657
4.19155, -0.264238, -5.23023, -0.0146953, 0.197961, -0.00109991
4.25786, -0.293858, -5.43438, -0.0148766, 0.200925, -0.00844675
4.46738, -0.331846, -5.81512, -0.0108889, 0.21274, -0.0127292
4.50173, -0.328537, -5.53075, -0.0160392, 0.217325, -0.0138352
4.55383, -0.381012, -5.5769, -0.0185443, 0.21927, -0.0148659
4.63153, -0.370964, -5.8277, -0.0216067, 0.223421, -0.0138579
4.69648, -0.315802, -5.66562, -0.0282226, 0.227914, -0.0110971
4.69755, -0.314458, -5.38161, -0.0313044, 0.225765, -0.0134893
4.74039, -0.37317, -5.68838, -0.0258663, 0.229504, -0.0166943
4.76763, -0.442856, -5.92266, -0.0218404, 0.230904, -0.019022
4.79443, -0.397231, -5.71556, -0.0192202, 0.233772, -0.0177197
4.86381, -0.406834, -5.65005, -0.020946, 0.2359, -0.0141023
4.76609, -0.425815, -5.58298, -0.0216047, 0.229366, -0.0101462
4.71519, -0.404054, -5.4792, -0.0197302, 0.226086, -0.00507415
4.73141, -0.315157, -5.11052, -0.0181181, 0.225449, -0.00326583
4.70097, -0.287511, -4.72749, -0.0167004, 0.224235, -0.00573861
4.72211, -0.33081, -4.8913, -0.0133777, 0.226268, -0.00905969
4.73191, -0.298823, -4.76726, -0.0194593, 0.227145, -0.00929978
4.69133, -0.225618, -4.39038, -0.0275669, 0.223502, -0.00724221
4.6302, -0.199182, -4.43562, -0.0297788, 0.221857, -0.00757631
4.61197, -0.267289, -4.92907, -0.0280335, 0.222821, -0.0091416
4.56722, -0.230747, -4.41232, -0.0321844, 0.219077, -0.0115682
4.50522, -0.15748, -4.05652, -0.0332851, 0.218219, -0.0138927
4.53511, -0.128367, -3.70036, -0.0308715, 0.217163, -0.0163027
4.46679, -0.091878, -3.34155, -0.0287932, 0.213734, -0.0162777
4.42477, -0.133638, -3.4369, -0.0202105, 0.212361, -0.0146641
4.43245, -0.120943, -3.15574, -0.0179751, 0.210718, -0.0112336
4.357, -0.0965264, -3.11521, -0.0155312, 0.207449, -0.00692145
4.28418, -0.0552113, -3.05773, -0.0159947, 0.199372, -0.00341497
4.18154, -0.0958503, -3.15399, -0.0153656, 0.198299, -0.00169861
4.19164, -0.0436148, -3.01097, -0.0147276, 0.198403, -0.00178573
4.2001, -0.0422448, -2.93183, -0.0227414, 0.196951, -0.0021597
4.12895, -0.0338688, -3.14085, -0.0238853, 0.193239, -0.00569014
4.08774, -0.0180865, -3.06945, -0.0257216, 0.192527, -0.00577104
4.11502, -0.0463371, -3.12335, -0.0292012, 0.193123, -0.00540553
4.06337, 0.00138785, -2.86319, -0.0319235, 0.189355, -0.00468322
4.00826, 0.0353545, -2.6197, -0.0332563, 0.186834, -0.0028497
4.05521, 0.018131, -2.84339, -0.0306723, 0.189141, -0.0028175
4.03029, -0.00958147, -2.93463, -0.0299637, 0.186507, -0.00513177
3.98882, -0.0650597, -3.25573, -0.0269968, 0.186225, -0.00463057
3.96328, -0.0562833, -3.42485, -0.0292001, 0.187607, -0.00312584
3.97343, -0.0636007, -3.47669, -0.0303372, 0.185716, -0.00104805
4.01021, -0.0279348, -3.3156, -0.0340655, 0.186996, -0.000190492
4.05953, -0.000680578, -3.139, -0.0394642, 0.187828, -0.00169161
4.01122, -0.0368936, -3.36383, -0.0375488, 0.185958, -0.0034605
3.95055, -0.0113252, -3.15821, -0.0384664, 0.183219, -0.00395989
3.96583, -0.0504695, -3.13203, -0.0301608, 0.183051, -0.00615101
3.94684, -0.0155332, -2.8463, -0.0276301, 0.183793, -0.00729125
3.9543, 0.00988395, -2.76334, -0.0255075, 0.183219, -0.00498444
3.95938, -0.0582717, -3.03731, -0.021179, 0.184751, -0.00196458
3.9667, -0.0831995, -3.41013, -0.0209863, 0.186541, 0.00158665
4.01463, -0.0928477, -3.5894, -0.0237444, 0.188082, 0.00205203
4.04479, -0.0996402, -3.52233, -0.0269624, 0.189192, -0.00221156
4.04628, -0.07848, -3.5554, -0.0280083, 0.188711, -0.00862662
4.1216, 0.00626754, -3.0126, -0.0301175, 0.192379, -0.011128
4.16183, 0.00908327, -2.89635, -0.0288171, 0.195283, -0.0111698
4.2213, -0.0239225, -3.05715, -0.0295427, 0.195954, -0.0105492
4.19902, -0.0830705, -3.33285, -0.0276672, 0.198707, -0.00896252
4.23529, -0.0567904, -3.19763, -0.0258186, 0.198216, -0.00808248
4.22885, -0.0692188, -3.10701, -0.0213023, 0.196797, -0.00782838
4.2949, -0.0685249, -3.06042, -0.020052, 0.200593, -0.00560687
4.32542, -0.0396514, -2.81464, -0.0210021, 0.201494, -0.000882186
4.34422, -0.0398338, -3.05478, -0.017146, 0.204432, 0.000555772
4.34755, -0.0702641, -3.28599, -0.0141708, 0.201631, 0.00149671
4.35836, -0.108973, -3.34132, -0.0118118, 0.202876, -0.000650454
4.3942, -0.121374, -3.37846, -0.00941118, 0.20394, -0.00232139
4.48841, -0.115827, -3.61446, -0.00788363, 0.212047, -0.00506579
4.59169, -0.0854281, -3.30402, -0.0135481, 0.211746, -0.00693252
4.54019, -0.0342913, -3.21344, -0.016748, 0.213064, -0.00514962
4.6012, -0.100281, -3.55063, -0.0173635, 0.216754, -0.001581
4.55392, -0.163121, -3.94108, -0.0103441, 0.21418, 0.000534305
4.56164, -0.160616, -4.02992, -0.00721996, 0.212908, 0.000758354
4.55142, -0.15027, -3.797, -0.00707319, 0.211791, 0.000752253
4.51644, -0.14757, -3.80859, -0.00571771, 0.21147, -0.00240296
4.46447, -0.146707, -3.60599, -0.0064372, 0.205071, -0.00650872
4.46679, -0.148584, -3.73519, -0.00802599, 0.205364, -0.0103476
4.45608, -0.0889911, -3.48583, -0.0147801, 0.205256, -0.0105312
4.42681, -0.0930612, -3.39758, -0.0199765, 0.205009, -0.0112464
4.34912, -0.0625242, -3.42388, -0.0182413, 0.201027, -0.0112888
4.35417, -0.106268, -3.63735, -0.0195682, 0.200598, -0.00973319
4.34549, -0.137032, -3.78342, -0.0150164, 0.203288, -0.0038242
4.26231, -0.159255, -4.02846, -0.010822, 0.199163, 0.000987374
4.18479, -0.17083, -3.98109, -0.00985804, 0.193567, 0.00293422
4.16698, -0.170607, -3.9986, -0.00725035, 0.194083, 0.00293749
4.23333, -0.197968, -4.30589, -0.0035223, 0.196619, -0.000412056
4.28103, -0.257917, -4.56064, -0.00405774, 0.198956, -0.00460052
4.2933, -0.212496, -4.33252, -0.0112726, 0.197538, -0.00836596
4.31417, -0.125209, -3.95911, -0.0213329, 0.19938, -0.0090824
4.26151, -0.104266, -3.82584, -0.0246465, 0.198198, -0.00984324
4.28192, -0.123758, -3.6318, -0.0282624, 0.198672, -0.0124724
4.37444, -0.0470889, -3.26685, -0.0284235, 0.202467, -0.0138988
4.34682, -0.0731154, -3.06148, -0.0240432, 0.206948, -0.01514
4.31456, -0.134052, -3.19167, -0.0164848, 0.20295, -0.0125594
4.26912, -0.162729, -3.37164, -0.00928973, 0.201333, -0.00540113
4.24925, -0.155812, -3.51027, -0.00582493, 0.199961, -0.00108285
4.22291, -0.169273, -3.62472, -0.0026069, 0.197785, 0.00023128
4.16489, -0.176399, -3.87638, -0.000585148, 0.196461, -0.00136949
4.1614, -0.203955, -4.04673, 0.00113832, 0.193581, -0.0022023
4.09253, -0.180851, -3.96804, -0.00369121, 0.191714, -0.0037268
4.00959, -0.208017, -3.95258, -0.00705963, 0.187987, -0.00647493
3.90186, -0.22194, -4.06003, -0.00559433, 0.178622, -0.00774839
3.6606, -0.270803, -4.32534, 0.00126125, 0.17273, -0.00664577
3.66271, -0.26015, -4.26949, 0.00294698, 0.171793, -0.00463972
3.63882, -0.270874, -4.22198, 0.00258306, 0.170452, -0.00186538
3.48652, -0.223959, -4.21872, 0.00226128, 0.164244, 0.000994831
3.42967, -0.235253, -4.26853, 0.0032064, 0.158712, 0.00443352
3.46729, -0.216539, -4.28707, 0.000553626, 0.159879, 0.00447036
3.43993, -0.200517, -4.42902, 0.00258012, 0.15859, 0.00548711
3.37535, -0.253139, -4.57122, 0.0014679, 0.155583, 0.00615733
3.3782, -0.239332, -4.47369, -0.000692032, 0.154776, 0.00546248
3.4253, -0.156475, -4.27804, -0.00307409, 0.156626, 0.00505087
3.4094, -0.165314, -4.30543, -0.00420462, 0.156833, 0.00458549
3.39177, -0.187746, -4.30622, -0.00757303, 0.154391, 0.0039373
3.36731, -0.139318, -4.17096, -0.00746592, 0.154626, 0.00508567
3.4069, -0.0960327, -4.1443, -0.00748479, 0.157672, 0.00541412
3.45562, -0.15813, -4.19701, -0.00932656, 0.158926, 0.00673988
3.44168, -0.150385, -4.27736, -0.00844731, 0.157765, 0.00678248
3.4464, -0.0834664, -4.18718, -0.00917742, 0.158827, 0.00798125
3.44955, -0.0943557, -3.91016, -0.0105984, 0.15592, 0.00732334
3.45022, -0.0922517, -3.99973, -0.00979782, 0.158753, 0.0073883
3.46822, -0.134238, -4.16992, -0.00567884, 0.15919, 0.00657945
3.52136, -0.138028, -4.2584, -0.00163591, 0.160045, 0.00731136
3.54203, -0.124128, -4.25797, -0.000704121, 0.162905, 0.00795899
3.63765, -0.120725, -4.17922, -0.00437014, 0.165291, 0.00703206
3.5968, -0.0476138, -4.02597, -0.00653335, 0.164515, 0.00862232
3.5859, -0.0482143, -4.1063, -0.0083463, 0.164219, 0.00913539
3.63325, -0.0221922, -4.17071, -0.0106614, 0.166905, 0.00811344
3.63211, -0.00855838, -4.1499, -0.0154197, 0.16467, 0.00228082
3.57295, -0.0247321, -3.97723, -0.017118, 0.162393, -0.00478773
3.61348, -0.0389664, -3.89706, -0.0152524, 0.165463, -0.00527504
3.67852, -0.0555449, -3.99582, -0.0144824, 0.168567, -0.0053139
3.70279, -0.0466707, -4.16416, -0.01699, 0.168894, -0.002834
3.67874, -0.0347139, -4.29634, -0.0178631, 0.166528, -0.000571364
3.62104, -0.0610385, -4.11071, -0.0199362, 0.167666, -0.00309104
3.71487, -0.0804594, -4.2845, -0.0184565, 0.17296, -0.00666543
3.78577, -0.111646, -4.36574, -0.01606, 0.175255, -0.00749507
3.83191, -0.0694501, -4.07224, -0.0189359, 0.176834, -0.00875723
3.90615, -0.0451717, -3.99164, -0.0189572, 0.180802, -0.00812395
3.9754, -0.0537434, -4.05511, -0.0188696, 0.1828, -0.00865678
3.9421, -0.0633249, -4.07377, -0.0163712, 0.181727, -0.0100788
4.00678, -0.115151, -3.98514, -0.0149904, 0.183936, -0.0111834
4.06271, -0.12383, -4.15568, -0.0130797, 0.190133, -0.0113323
4.11793, -0.136916, -4.49508, -0.00657436, 0.193395, -0.0110536
4.13898, -0.153352, -4.1646, -0.0104066, 0.190712, -0.0115802
4.16223, -0.0793029, -4.0664, -0.0123595, 0.193177, -0.011001
