# Trial: 10
# Angle[deg]: 0
# Timestamp: 20260312_182311

Fx [N], Fy [N], Fz [N], Mx [Nm], My [Nm], Mz [Nm]
0.304801, -2.63507, -12.6014, 0.0372312, 0.0222066, 0.0115093
0.346979, -2.67533, -12.8132, 0.0299492, 0.0202768, 0.00617338
0.443844, -2.80586, -13.2509, 0.0393757, 0.0274566, 0.00608819
0.56351, -3.00541, -13.6724, 0.062696, 0.0342563, 0.0112095
0.661077, -3.08881, -14.2138, 0.0698452, 0.0356124, 0.0154186
0.764974, -3.17214, -14.5983, 0.0824293, 0.0390831, 0.014203
0.784622, -3.28405, -14.991, 0.0947407, 0.0415269, 0.0134016
0.949246, -3.3989, -15.8484, 0.106605, 0.0477943, 0.0144295
1.08597, -3.62943, -16.8228, 0.114478, 0.0506544, 0.0145642
1.20009, -4.10008, -18.7652, 0.124035, 0.0514883, 0.012187
1.36744, -4.5321, -20.8145, 0.123924, 0.0583649, 0.0127381
1.78085, -4.69925, -21.8435, 0.10022, 0.0780461, 5.73963e-05
2.22608, -5.01483, -23.0323, 0.0790718, 0.107754, -0.0115321
2.61484, -5.4386, -24.0399, 0.0695984, 0.126008, -0.01449
2.85301, -5.86263, -25.2126, 0.0747408, 0.134222, -0.0155568
2.92102, -6.34199, -26.6502, 0.110153, 0.142354, -0.0180954
3.1456, -6.8678, -28.315, 0.181872, 0.156221, -0.010106
3.41179, -7.37319, -29.9674, 0.224286, 0.16393, -0.00355993
3.65423, -7.54733, -31.4561, 0.250602, 0.176396, 0.000484027
3.92915, -7.83605, -33.1403, 0.2646, 0.193063, -0.00176471
4.27512, -8.10455, -34.3188, 0.25628, 0.216643, -0.0143652
4.58236, -8.17071, -34.6553, 0.222566, 0.238909, -0.0219424
4.78094, -8.21727, -34.67, 0.198516, 0.243384, -0.0237011
4.83764, -8.45415, -35.1048, 0.213668, 0.242371, -0.0131454
4.72105, -8.80658, -36.0797, 0.295609, 0.230083, 0.00117922
4.83858, -9.1411, -38.2585, 0.327279, 0.22738, 0.0112287
5.2043, -9.1727, -40.1204, 0.354948, 0.243492, 0.00980561
5.513, -9.28665, -41.6428, 0.38012, 0.265653, -0.00176516
5.71584, -9.42885, -43.2803, 0.394415, 0.276816, -0.0114839
5.68391, -9.68968, -44.8628, 0.40101, 0.272069, -0.00182041
5.49599, -9.69671, -45.7086, 0.361191, 0.251374, 0.0173506
5.40108, -9.65398, -45.4509, 0.312368, 0.240148, 0.0220461
5.2055, -9.84926, -45.3293, 0.283208, 0.223052, 0.0101455
4.77355, -9.97907, -45.1941, 0.267232, 0.19792, 0.000269469
4.60007, -9.90171, -43.9013, 0.24639, 0.188889, -0.00342367
4.3979, -9.70912, -42.4952, 0.246163, 0.171469, 0.0150922
4.10825, -9.9768, -43.1655, 0.301103, 0.153906, 0.03328
4.11626, -9.92633, -43.1771, 0.336405, 0.155824, 0.0349167
4.14711, -9.55585, -41.9791, 0.354692, 0.164263, 0.0227214
4.31236, -8.89909, -39.6033, 0.343289, 0.170629, 0.0123038
4.3577, -8.59986, -38.8831, 0.333211, 0.16597, -9.53592e-05
4.1446, -8.44646, -38.6265, 0.328294, 0.151591, -0.00358851
4.05614, -8.57553, -40.2983, 0.344312, 0.150995, -0.00393458
4.22531, -8.74629, -41.6532, 0.358834, 0.159877, 0.000887383
4.44715, -8.81945, -42.3087, 0.372226, 0.180849, 0.00828122
4.84694, -8.8512, -43.2354, 0.384656, 0.215571, 0.00517019
5.44893, -9.06456, -44.5301, 0.394386, 0.254429, -0.00790623
5.81779, -8.99938, -44.9524, 0.388625, 0.277315, -0.0150287
5.77316, -9.04291, -45.4048, 0.377504, 0.276657, -0.00897066
5.67299, -9.26756, -46.6288, 0.364939, 0.258681, 0.00302709
5.64322, -9.4555, -47.8164, 0.353549, 0.25037, 0.0166362
5.56703, -9.606, -48.4846, 0.354594, 0.251999, 0.0192272
5.67414, -9.69588, -48.5, 0.355723, 0.269048, 0.00364625
5.98241, -9.69944, -48.4361, 0.369915, 0.297087, -0.00396057
6.0562, -9.68958, -47.7655, 0.386053, 0.303176, -0.00698676
5.84235, -9.80059, -48.3928, 0.427808, 0.274734, 0.0020857
5.47686, -9.95866, -49.9939, 0.440088, 0.240957, 0.0171364
5.34479, -9.96525, -51.1613, 0.4424, 0.234617, 0.0220455
5.22135, -9.42984, -50.4157, 0.433577, 0.231978, 0.0182983
5.0557, -8.90677, -50.1891, 0.419441, 0.22967, 0.0156417
5.26622, -8.35047, -50.9865, 0.40326, 0.246137, 0.0127012
5.67058, -7.60565, -51.8589, 0.374715, 0.267542, 0.00993566
5.81135, -6.46542, -52.0555, 0.327468, 0.277746, 0.00522736
5.95067, -5.34555, -53.5567, 0.279391, 0.286745, 0.0035754
6.00192, -4.0187, -55.656, 0.22173, 0.285318, 0.00551908
5.89505, -2.59734, -58.9015, 0.161174, 0.281797, 0.00778386
6.15509, -1.18791, -62.3654, 0.102201, 0.290799, 0.00796679
6.66147, 0.190709, -64.9342, 0.0442389, 0.316581, 0.00948813
7.15454, 1.2929, -66.619, -0.00462108, 0.345859, 0.0151473
7.56236, 1.81318, -68.7621, -0.0447733, 0.367069, 0.0237275
7.6567, 1.83654, -68.7919, -0.0782219, 0.369503, 0.0264377
7.63402, 1.33581, -69.0688, -0.0841293, 0.359369, 0.00571376
7.83432, 0.166879, -69.7901, -0.0404561, 0.361389, -0.0111577
7.479, -1.38463, -69.2394, 0.0172117, 0.336062, -0.0162552
7.13225, -2.87336, -66.4298, 0.0713669, 0.318641, -0.0176555
7.26701, -4.28842, -62.3635, 0.120366, 0.314389, -0.0121523
6.82113, -5.66888, -58.9758, 0.165355, 0.288922, -0.00712686
6.35367, -6.7643, -57.4247, 0.200291, 0.258473, -0.00987612
6.24401, -7.61892, -56.8228, 0.231335, 0.241033, -0.0184803
6.02177, -8.06904, -56.2488, 0.25735, 0.217662, -0.0164966
5.87458, -8.19351, -56.1154, 0.292208, 0.198108, 0.00342514
6.46506, -8.46334, -57.7935, 0.3577, 0.242259, 0.0123451
7.07927, -8.13073, -58.4768, 0.370291, 0.293656, 0.0145823
7.30449, -7.55121, -59.8904, 0.363922, 0.313444, 0.00266091
7.6414, -7.14747, -61.9252, 0.349057, 0.332737, -0.00234398
7.93158, -6.52934, -63.2286, 0.328359, 0.345606, 0.000431376
7.9129, -5.71058, -64.4177, 0.300839, 0.351812, 0.0112043
8.24333, -5.02027, -65.7878, 0.269081, 0.368314, 0.0121569
8.44571, -4.22362, -67.6139, 0.236392, 0.383257, 0.0140981
8.64611, -3.04776, -68.4941, 0.190281, 0.398043, 0.0163279
9.05972, -1.76255, -70.2416, 0.139057, 0.420112, 0.0128506
9.33377, -0.27603, -71.9074, 0.0782639, 0.434344, 0.012172
9.3653, 1.27831, -74.6524, 0.0187218, 0.435772, 0.0145259
9.52335, 2.68882, -77.0565, -0.0362119, 0.43853, 0.0167567
9.68892, 4.17527, -80.1069, -0.0954205, 0.450183, 0.0189547
9.92585, 5.5201, -82.684, -0.155884, 0.468728, 0.0199599
10.2633, 6.52604, -84.7003, -0.207873, 0.492612, 0.0246167
10.4714, 7.17637, -83.9533, -0.246632, 0.496282, 0.0388074
9.97016, 7.45133, -83.2546, -0.268435, 0.452531, 0.0391399
9.49438, 7.43645, -83.9583, -0.277364, 0.398816, 0.0104479
9.64637, 7.33181, -84.3639, -0.295393, 0.402175, -0.0085003
10.0321, 6.9685, -84.2218, -0.309247, 0.421092, -0.0164651
10.1461, 6.04813, -83.8796, -0.290313, 0.43273, -0.0110552
9.88495, 4.78497, -81.0359, -0.246377, 0.43462, -0.000321216
10.4015, 3.82184, -78.7182, -0.210098, 0.472821, 0.00131175
10.9504, 2.82832, -77.0397, -0.170663, 0.487854, -0.00275932
10.4838, 1.83832, -75.7458, -0.124629, 0.450792, -0.0141228
10.0829, 1.26063, -75.055, -0.0842371, 0.412565, -0.0162672
10.2265, 0.98142, -76.7139, -0.0511295, 0.403291, -0.0156548
10.625, 1.05091, -78.7731, -0.0175717, 0.427003, 0.00208638
11.324, 1.70765, -79.4512, -0.0155474, 0.497644, 0.0147475
11.9627, 2.87166, -80.66, -0.0539019, 0.545225, 0.0222782
12.1886, 4.42279, -81.4536, -0.112251, 0.564592, 0.0253931
11.9153, 6.2179, -82.7117, -0.179113, 0.550382, 0.0283901
11.4785, 7.98361, -83.2074, -0.237361, 0.523168, 0.0298178
11.1735, 9.93877, -83.9037, -0.297825, 0.493479, 0.0289517
10.5378, 12.0501, -85.1812, -0.359214, 0.452046, 0.0280536
9.88117, 13.9949, -84.5877, -0.393027, 0.404684, 0.0303328
9.41653, 16.165, -84.0098, -0.410535, 0.358203, 0.0343517
8.6693, 18.1092, -82.1845, -0.403841, 0.300676, 0.034697
7.37638, 19.1085, -76.8401, -0.343853, 0.224916, 0.0474584
6.13279, 18.9751, -70.4668, -0.190078, 0.147421, 0.0485851
5.33145, 19.3975, -66.7977, -0.0618627, 0.0918034, 0.040502
4.85563, 19.8379, -63.7185, -0.0457881, 0.0798529, 0.0362382
4.5969, 20.0795, -63.2135, 0.064565, 0.0498986, 0.0304955
4.90072, 19.0656, -64.5123, 0.322992, -0.00442855, 0.0204326
5.01204, 18.9525, -64.7425, 0.393913, -0.0521269, 0.0181907
5.0671, 19.0516, -61.8731, 0.311578, -0.0666032, 0.00598707
5.39322, 19.9978, -59.0289, 0.0250398, -0.0644078, -0.0240309
5.88357, 20.3565, -56.0073, -0.290941, 0.0338878, -0.00842313
6.24648, 19.9292, -54.128, -0.431629, 0.148465, 0.028861
6.43994, 18.4113, -52.2531, -0.43186, 0.201913, 0.0485825
6.7858, 17.402, -51.0623, -0.468005, 0.246667, 0.0436784
7.1032, 16.4833, -49.9075, -0.502759, 0.28917, 0.0386178
7.51839, 15.8049, -50.3563, -0.517953, 0.301849, 0.029176
7.42774, 15.4273, -52.9314, -0.514463, 0.238847, -0.0119596
7.17125, 14.913, -55.8027, -0.469805, 0.160015, -0.0432474
7.67557, 14.513, -58.5723, -0.440464, 0.11938, -0.0823424
8.5996, 13.7298, -60.0209, -0.408586, 0.102119, -0.0966935
9.55394, 13.0049, -61.9271, -0.43005, 0.143648, -0.0895247
10.3522, 11.8024, -63.7618, -0.447034, 0.234945, -0.053705
11.3663, 9.6705, -62.6346, -0.416943, 0.355303, -0.0296068
11.5964, 6.88122, -58.3898, -0.340483, 0.450786, -0.019079
11.7657, 3.96366, -52.7822, -0.230882, 0.479877, -0.0269642
10.8797, 1.06214, -48.5691, -0.113551, 0.419453, -0.0428112
9.74807, -1.21074, -47.5281, -0.0335334, 0.313942, -0.0556127
9.41522, -3.01817, -51.5478, 0.00796792, 0.204775, -0.0589113
9.91056, -4.27817, -55.6802, 0.0335028, 0.1516, -0.027273
11.5015, -4.50214, -55.9478, 0.0925816, 0.269224, -0.00402836
12.2733, -4.06583, -54.3786, 0.141729, 0.377407, 0.0407593
13.0725, -3.55213, -55.1759, 0.173994, 0.469525, 0.0275937
13.956, -3.02142, -58.0435, 0.163269, 0.529179, 0.00789956
14.6207, -2.95273, -62.1984, 0.146976, 0.551966, -0.0139798
14.8637, -3.05251, -64.657, 0.0762753, 0.562219, -0.0358103
14.4611, -3.55743, -62.7099, 0.0521693, 0.549215, -0.0325678
14.3704, -4.43043, -61.6256, 0.0630606, 0.529253, -0.0394694
14.2523, -5.07733, -62.0925, 0.0867596, 0.505999, -0.0495932
13.9621, -5.37383, -62.8035, 0.149861, 0.48265, -0.0480127
13.7654, -5.1477, -62.6384, 0.218379, 0.503707, -0.0142329
14.2899, -4.4007, -64.6202, 0.227029, 0.551216, 0.00934181
15.3792, -3.59405, -68.3979, 0.209144, 0.626479, 0.0166177
16.0307, -2.69282, -70.2518, 0.17348, 0.686577, 0.0134664
16.3724, -1.96575, -70.7596, 0.129021, 0.730567, 0.00210536
16.1543, -1.68108, -69.0532, 0.0849031, 0.738798, -0.0133642
15.3158, -1.85195, -67.0412, 0.0484015, 0.678611, -0.0279935
14.1291, -2.19701, -65.0846, 0.0491573, 0.595886, -0.03465
13.6847, -2.38293, -64.7245, 0.0602266, 0.56659, -0.0291097
14.2188, -2.45045, -65.0857, 0.105563, 0.627105, -0.0146753
14.4337, -2.14255, -64.6584, 0.134063, 0.658352, 0.0016028
14.6461, -1.42923, -65.1235, 0.113867, 0.663462, 0.00987702
14.952, -0.626109, -67.321, 0.089681, 0.671398, 0.0154368
15.0017, 0.2439, -69.7148, 0.0585022, 0.673073, 0.0122886
14.9598, 1.24133, -72.3207, 0.0134394, 0.686819, 0.00591329
15.272, 2.30723, -74.0467, -0.0362416, 0.710296, -0.00486354
15.3201, 3.26198, -74.3331, -0.0874906, 0.722846, -0.0102065
14.9625, 4.00563, -73.8223, -0.118143, 0.711813, -0.00334141
14.183, 4.44396, -72.9455, -0.131449, 0.671593, 0.00437873
13.4895, 5.02451, -72.7439, -0.144449, 0.620352, -0.00122329
13.0255, 5.8204, -73.4348, -0.169036, 0.580583, -0.00874209
12.7751, 6.57694, -74.9335, -0.192496, 0.562644, -0.00690608
12.766, 7.39477, -75.2153, -0.22645, 0.57497, 0.00829614
12.9354, 7.84372, -74.2728, -0.260095, 0.605864, 0.0208104
13.0869, 8.09433, -73.3717, -0.299782, 0.632099, 0.0364662
13.01, 8.25989, -72.8496, -0.340118, 0.614398, 0.0450817
12.9543, 7.87966, -72.7697, -0.366017, 0.593345, 0.00647132
12.6179, 6.92696, -72.0857, -0.327975, 0.553582, -0.013829
12.264, 5.85252, -71.3031, -0.277653, 0.541924, -0.0347741
12.1191, 4.7146, -70.476, -0.243791, 0.535536, -0.0237505
11.8558, 3.31405, -68.5434, -0.192522, 0.537285, -0.0124027
11.8072, 1.98305, -65.6239, -0.138736, 0.549101, -0.00734322
12.0293, 0.968965, -62.3956, -0.0926941, 0.560568, -0.00372285
12.2016, 0.488971, -60.8641, -0.0670877, 0.561223, -0.00927357
11.9228, 0.458256, -61.0311, 0.000567071, 0.518225, -0.00132147
11.9782, 1.09631, -63.405, 0.00073169, 0.523578, 0.0111156
12.1258, 2.38312, -66.3697, -0.0427678, 0.537086, 0.0250451
12.5315, 4.01332, -69.275, -0.107138, 0.563817, 0.0325117
13.0192, 5.96552, -71.0778, -0.174575, 0.594278, 0.0339671
13.2431, 8.05584, -71.6699, -0.248827, 0.609779, 0.0372231
13.0573, 10.3248, -72.116, -0.321815, 0.597543, 0.0504054
12.3549, 12.3593, -71.2594, -0.380085, 0.553471, 0.0607639
10.9151, 14.1901, -69.5943, -0.399794, 0.47287, 0.0619017
9.48183, 15.6828, -67.7351, -0.378104, 0.388219, 0.0515184
8.31861, 16.9086, -64.8325, -0.32363, 0.316928, 0.0413395
7.44721, 17.5873, -62.5887, -0.164856, 0.244051, 0.0363612
6.3848, 18.1111, -60.1875, -0.0336672, 0.182556, 0.0311201
5.76069, 18.5309, -57.7423, 0.0646503, 0.195433, 0.0649963
5.31756, 18.4835, -55.2971, 0.203398, 0.209567, 0.0910669
5.15977, 18.2541, -53.9096, 0.400152, 0.220205, 0.106668
4.92677, 17.973, -53.0638, 0.540392, 0.21946, 0.125142
4.70952, 17.4126, -51.4052, 0.601646, 0.20826, 0.151754
4.33034, 17.1586, -49.9641, 0.536483, 0.145779, 0.135278
4.34924, 17.638, -48.8239, 0.265807, 0.090653, 0.0737797
4.58665, 17.7635, -47.0125, -0.038253, 0.108351, 0.0403105
4.97467, 17.6604, -45.481, -0.286129, 0.172956, 0.0653648
5.32175, 16.964, -44.6129, -0.351338, 0.206369, 0.0654763
5.82977, 16.3607, -43.9463, -0.376231, 0.240113, 0.0553787
6.35869, 16.0657, -44.0371, -0.428213, 0.269494, 0.0452748
6.76975, 15.7142, -44.3891, -0.49218, 0.297149, 0.0347687
6.95405, 15.1902, -44.6594, -0.490272, 0.289859, 0.020641
6.88214, 14.5173, -45.6908, -0.475809, 0.247114, -0.0088945
7.21446, 14.0012, -46.9038, -0.469063, 0.248443, -0.0252549
7.10062, 13.2818, -48.6622, -0.43059, 0.200557, -0.0610607
7.59343, 12.9617, -50.2288, -0.44721, 0.214289, -0.066418
8.41231, 11.8388, -50.5502, -0.448215, 0.27103, -0.0545283
8.84293, 10.757, -50.8088, -0.435154, 0.309417, -0.0277413
9.93467, 9.9507, -52.3432, -0.441038, 0.428717, 0.00657176
11.3304, 9.36536, -51.5501, -0.426298, 0.529373, 0.0277922
12.1908, 8.83297, -49.5028, -0.404481, 0.578099, 0.0241878
11.9969, 8.47626, -49.6873, -0.393427, 0.573488, 0.0139832
10.7637, 7.985, -52.4622, -0.365662, 0.517878, -0.0183777
9.40318, 7.45905, -54.6702, -0.319539, 0.444407, -0.0333097
8.53195, 7.26492, -55.4678, -0.310306, 0.413409, -0.0315546
7.91463, 6.89461, -55.0695, -0.305194, 0.400512, -0.0228499
7.73703, 6.25181, -53.024, -0.28767, 0.406253, -0.00576415
7.91991, 5.65843, -50.2104, -0.262332, 0.413793, 0.00951716
8.01934, 5.05487, -48.8605, -0.231704, 0.414136, 0.00922273
8.57288, 4.70074, -48.6428, -0.213749, 0.441815, 0.00170212
8.66457, 4.62005, -53.6292, -0.206794, 0.455059, -0.0159366
4.47913, 3.27684, -53.2671, -0.139125, 0.21249, -0.0300942
3.51903, 2.84191, -51.8661, -0.124869, 0.201099, -0.034055
5.00525, 2.3931, -55.4141, -0.113489, 0.25849, -0.0311583
3.66531, 1.61825, -61.5567, -0.106829, 0.191723, -0.0151079
4.4932, 0.53819, -64.7212, -0.0644904, 0.249708, -0.00456323
4.17514, -1.16465, -67.6996, 0.00146553, 0.227081, -0.0121476
4.14198, -3.00187, -67.0069, 0.0820153, 0.22849, -0.0303715
3.26991, -3.8452, -61.4741, 0.133817, 0.200972, -0.0393167
3.33813, -4.05921, -59.9379, 0.17029, 0.190335, -0.0317658
3.94792, -3.61375, -62.7927, 0.191165, 0.215504, 0.0112737
4.24332, -2.01973, -64.0415, 0.116955, 0.228891, 0.0282058
4.55551, -0.398054, -67.3393, 0.0499347, 0.243153, 0.0268959
4.82903, 1.04527, -70.5829, -0.0081087, 0.253999, 0.0234932
4.59872, 2.69393, -73.6342, -0.0729945, 0.257419, 0.0245986
4.677, 3.88555, -76.1581, -0.131307, 0.265677, 0.0323515
4.6718, 4.48837, -77.3285, -0.161762, 0.266084, 0.0333813
4.46735, 5.2523, -78.4393, -0.184624, 0.265053, 0.0299963
4.4637, 5.35864, -79.7086, -0.191441, 0.249914, 0.0138475
4.51799, 5.10411, -80.4853, -0.219799, 0.239341, -0.00966743
4.36793, 5.04976, -80.812, -0.249101, 0.227757, -0.0209195
4.45239, 4.43504, -79.9877, -0.221717, 0.23405, -0.0174199
4.53387, 3.58405, -79.5773, -0.183537, 0.238109, -0.0189688
4.38297, 3.59819, -79.8443, -0.181428, 0.233296, -0.0182772
4.51794, 3.07236, -79.7115, -0.168316, 0.233535, -0.0144721
4.67872, 2.43371, -79.5535, -0.144695, 0.243354, -0.0139301
5.02659, 2.1038, -81.2032, -0.124536, 0.26391, -0.0181743
5.60598, 1.47317, -82.3419, -0.097383, 0.285352, -0.0236715
5.8802, 0.487725, -82.1818, -0.0535275, 0.297175, -0.025208
6.14854, -0.658243, -80.9031, -0.00613564, 0.316278, -0.028412
6.75406, -2.15172, -79.1293, 0.0494034, 0.34558, -0.0300979
7.27433, -3.54615, -78.0342, 0.0999933, 0.374787, -0.0287372
7.43285, -4.41781, -77.2258, 0.134007, 0.391393, -0.0245168
8.16992, -4.79436, -78.8329, 0.177101, 0.433709, -0.0033291
8.89276, -3.91501, -80.8392, 0.195948, 0.447441, 0.0200547
9.08261, -1.59498, -83.1579, 0.107615, 0.444911, 0.0272025
8.6341, 1.16645, -85.4745, -0.0109755, 0.425147, 0.0305158
8.14029, 4.07847, -86.2468, -0.12294, 0.411463, 0.0285534
7.51592, 6.6545, -86.397, -0.222299, 0.400418, 0.0272123
6.60608, 8.533, -86.6304, -0.298655, 0.357589, 0.0321556
5.85058, 9.78467, -86.8875, -0.35228, 0.328547, 0.0354063
6.01512, 10.4216, -86.6142, -0.379298, 0.335497, 0.029496
6.44725, 10.4255, -87.14, -0.422942, 0.343253, -0.00694054
6.01961, 9.6328, -88.7429, -0.42904, 0.312371, -0.0324413
6.94183, 8.33425, -88.5129, -0.377954, 0.34433, -0.0350817
6.77633, 5.90235, -85.1453, -0.279838, 0.333218, -0.0342762
7.16195, 3.46396, -81.3612, -0.176311, 0.350249, -0.0353407
7.14917, 0.824309, -76.0096, -0.0688652, 0.346587, -0.0308432
6.83716, -1.28904, -71.0954, 0.00388137, 0.341507, -0.0178582
6.84444, -2.40263, -69.7633, 0.050385, 0.352188, 0.00632568
7.07653, -3.12974, -71.409, 0.0903849, 0.36452, 0.0195991
7.00199, -3.43815, -71.4494, 0.124723, 0.357192, 0.0262095
6.64811, -3.00065, -70.5419, 0.163313, 0.33968, 0.0231808
6.38208, -2.44773, -71.2627, 0.141532, 0.317774, 0.0125623
5.96986, -1.96691, -70.9972, 0.11416, 0.296217, 0.0226835
5.55631, -1.2311, -71.4632, 0.0720252, 0.283984, 0.0302927
5.45595, -0.937685, -72.9414, 0.0580387, 0.280797, 0.0327374
5.46634, -0.583126, -74.3268, 0.0431494, 0.282134, 0.0301819
5.4619, -0.085526, -76.4665, 0.0268832, 0.284568, 0.0263849
5.56922, -0.0752995, -77.5065, 0.013646, 0.285379, 0.0180279
5.39872, -0.270625, -77.774, -0.00649787, 0.272649, 0.000928396
5.423, -0.277057, -78.5744, -0.0224363, 0.277122, -0.0095288
5.64716, -0.627426, -79.1551, -0.0222989, 0.285789, -0.00833681
5.78892, -0.846448, -79.7128, -0.000521425, 0.299659, 0.00506082
5.97839, -0.68858, -80.7025, 0.0170095, 0.313612, 0.0189227
5.95998, -0.736274, -81.3583, 0.0407398, 0.308925, 0.0220402
5.92392, -0.666864, -82.5553, 0.0674452, 0.314559, 0.0120216
5.94218, -0.402346, -84.1656, 0.0651586, 0.314871, 0.0156034
6.05642, -0.398445, -84.1876, 0.0407762, 0.314397, 0.0249246
6.17662, -0.318373, -83.8116, 0.0292501, 0.320837, 0.0278928
6.20952, -0.281612, -84.5176, 0.0376651, 0.325142, 0.0287152
6.48449, -0.237152, -84.8995, 0.0363911, 0.337879, 0.0246298
6.44216, -0.197403, -85.1923, 0.0216264, 0.338278, 0.0203762
6.25408, -0.246534, -84.4584, 0.0173301, 0.319804, 0.0184676
6.31889, -0.345591, -84.1773, 0.0520488, 0.320647, 0.0164987
6.08321, -0.051506, -84.5099, 0.0693155, 0.312925, 0.0222085
5.9446, 0.608419, -85.8539, 0.0127472, 0.306639, 0.0230511
5.75483, 1.3094, -87.3343, -0.0228217, 0.301104, 0.028059
5.55888, 1.96448, -88.2382, -0.0475407, 0.293477, 0.0250039
5.54886, 2.26713, -89.1747, -0.056567, 0.292776, 0.0127256
5.43526, 2.30062, -89.5849, -0.0680096, 0.282009, -0.00375584
5.32703, 2.27299, -88.5914, -0.107045, 0.270996, -0.00911528
5.50411, 1.78932, -86.7852, -0.121069, 0.276786, -0.0112847
5.76534, 0.914532, -83.5187, -0.0731152, 0.287189, -0.0238294
5.71443, -0.138135, -79.8269, -0.0115101, 0.286884, -0.0364019
5.70265, -1.06005, -76.4232, 0.0288829, 0.287861, -0.0368581
5.80085, -1.75624, -75.1132, 0.0480371, 0.295758, -0.0300681
5.88379, -2.08769, -74.5336, 0.0473283, 0.303116, -0.00463464
5.95998, -2.22789, -74.3939, 0.0709466, 0.310607, 0.0167224
5.94083, -2.10964, -75.4114, 0.102661, 0.311958, 0.0255898
5.85466, -1.72631, -76.6814, 0.106324, 0.303997, 0.0181929
5.76374, -1.2123, -77.6639, 0.0888354, 0.297442, 0.0159078
5.66101, -0.761642, -79.0257, 0.0641031, 0.293995, 0.0207663
5.73031, -0.64513, -79.8987, 0.0353984, 0.295619, 0.0215088
5.6448, -0.767545, -78.9979, 0.00163546, 0.288423, 0.00227224
5.47549, -1.27623, -77.2831, 0.0168369, 0.280145, -0.0182709
5.48655, -1.88556, -76.3865, 0.0443472, 0.285523, -0.023977
5.65211, -2.16135, -76.845, 0.0563378, 0.295114, -0.0183386
5.72063, -2.28363, -77.6006, 0.0651213, 0.306427, -0.00363178
5.77814, -2.21718, -78.8502, 0.107262, 0.310944, 0.014255
5.78, -1.91277, -79.5787, 0.109403, 0.304267, 0.0211617
5.69188, -1.35195, -80.1012, 0.0878526, 0.296668, 0.0231182
5.76063, -0.920564, -81.7312, 0.0720233, 0.297719, 0.0182519
