# Trial: 2
# Angle[deg]: -10
# Timestamp: 20260306_192251

Fx [N], Fy [N], Fz [N], Mx [Nm], My [Nm], Mz [Nm]
0.448332, -0.0603357, -0.815146, 0.00143073, 0.0328071, 0.00295308
0.507738, 0.0392822, -1.09242, -0.000263029, 0.0330947, 0.00427422
0.496141, -0.132628, -0.624357, 0.00491122, 0.0317995, 0.00506375
0.488415, -0.0303725, -0.365163, 0.00178832, 0.0345909, 0.00566935
0.63187, -0.13596, -0.194485, 0.00193035, 0.0412239, 0.00661323
0.723107, -0.0675285, -0.319671, 0.00397763, 0.0452815, 0.00739723
0.889355, -0.00210401, -0.0351543, 0.00257436, 0.051771, 0.00670723
1.01369, -0.084494, -0.170549, 0.00377731, 0.0579295, 0.00579974
1.09038, -0.0424271, -0.264936, 0.00292608, 0.0651536, 0.00168799
1.21595, -0.0703531, -0.153597, 0.00195475, 0.0701628, -0.00299771
1.3835, -0.0695346, -0.334546, 0.00102613, 0.074247, -0.00400848
1.61216, -0.0637653, -0.396875, 0.00141186, 0.0845515, -0.00221755
1.83972, -0.0647483, -0.241178, -0.00111595, 0.0952865, 0.00334898
1.98108, -0.104978, -0.0589834, 0.00112589, 0.100849, 0.00695252
2.13132, -0.0748547, 0.0848276, 0.00318244, 0.106845, 0.00823253
2.26092, -0.0917713, 0.27224, 0.00519854, 0.111932, 0.00789866
2.43005, -0.053094, 0.227451, 0.00578358, 0.121296, 0.00916262
2.61589, -0.0962862, 0.315076, 0.00379821, 0.128714, 0.0083054
2.7895, -0.0635873, 0.359461, 0.00404508, 0.133401, 0.00887857
2.90338, -0.0824923, 0.161132, 0.00422145, 0.139796, 0.00815988
3.0413, -0.0637208, 0.30243, 0.0045943, 0.145951, 0.0069193
3.21381, -0.0567593, 0.390718, 0.00427478, 0.155275, 0.00684112
3.45135, -0.0525735, 0.317785, 0.00410869, 0.162498, 0.00675672
3.51925, -0.0649129, 0.173463, 0.00233935, 0.167657, 0.00643528
3.55445, -0.0357326, 0.172377, 0.00370206, 0.170771, 0.00552564
3.72926, -0.0401986, 0.57338, 0.000921391, 0.176598, 0.00476299
3.77509, -0.0317336, 0.571049, -0.00289942, 0.179157, 0.00322594
3.80382, -0.00276235, 0.571201, -0.00464164, 0.178784, 0.00387075
3.84239, -0.02221, 0.379358, -0.0041505, 0.181484, -5.06172e-05
3.86725, -0.00640099, 0.271604, -0.00424303, 0.182526, -0.000117278
3.85042, -0.0176372, 0.530731, -0.00590922, 0.179718, -0.000778014
3.90569, -0.018985, 0.672678, -0.0036424, 0.179757, -0.00239822
3.88844, -0.00501759, 1.11039, -0.00498692, 0.180172, -0.00332955
3.97222, -0.0280149, 1.16304, -0.00482592, 0.181834, -0.00424269
4.01573, -0.0098884, 1.16073, -0.00490162, 0.185302, -0.00624569
4.07774, -0.0183089, 1.07015, -0.000925346, 0.186944, -0.0077024
4.09771, -0.0513636, 1.07836, -5.38938e-05, 0.18836, -0.00863136
4.12305, -0.0706689, 1.22121, 0.00150462, 0.188782, -0.00933221
4.16922, -0.118007, 1.28437, 0.00373313, 0.189879, -0.00917798
4.2526, -0.0549934, 1.28626, 0.00806034, 0.195055, -0.00690902
4.27857, -0.11367, 1.31541, 0.0086186, 0.197906, -0.00454922
4.3298, -0.112673, 1.44448, 0.00885451, 0.199192, -0.000357484
4.38493, -0.113456, 1.36564, 0.00827682, 0.201214, 0.00193396
4.36055, -0.117002, 1.50659, 0.0108467, 0.199996, -0.00115708
4.29104, -0.143811, 1.56632, 0.0129055, 0.195347, -0.00533085
4.29668, -0.170941, 1.87108, 0.0146516, 0.193754, -0.00552756
4.26342, -0.156915, 1.71981, 0.015625, 0.194029, -0.00466514
4.26815, -0.148726, 1.45154, 0.0141541, 0.193123, -0.00401706
4.30317, -0.142187, 1.77425, 0.00826778, 0.194867, -0.00248488
4.2639, -0.108114, 1.8464, 0.0014766, 0.192338, -0.00100545
4.28799, -0.105481, 1.71696, -0.00421546, 0.195042, -0.00420315
4.26469, -0.11468, 1.73487, -0.0019769, 0.194585, -0.00469994
4.2598, -0.0730531, 1.85201, -0.00223405, 0.192655, -0.00384295
4.20993, -0.0755308, 1.93355, -0.00299127, 0.191022, -0.00299455
4.25726, -0.0867359, 1.85693, -0.00187216, 0.195379, 0.00149332
4.35, -0.110538, 1.9755, 0.00216411, 0.200341, 0.00369268
4.28505, -0.124626, 1.92441, 0.00670881, 0.198477, 0.00541039
4.2179, -0.128772, 1.6656, 0.00851442, 0.193844, 0.00552925
4.24702, -0.0978208, 1.53798, 0.00860052, 0.195121, 0.00343858
4.2184, -0.128389, 1.54575, 0.0110951, 0.192664, 0.00137288
4.18274, -0.131939, 1.73355, 0.0105767, 0.193067, 0.00106601
4.11072, -0.105458, 1.58963, 0.00681807, 0.191873, 0.000787617
4.14263, -0.102233, 1.30106, 0.00318651, 0.190941, -0.000731803
4.10836, -0.0560565, 1.21874, -0.00243143, 0.192233, -0.00149411
4.17601, -0.0523734, 1.04675, -0.00426811, 0.195155, -0.00274282
4.14812, -0.0483255, 0.895302, -0.0026487, 0.19314, -0.00234941
4.05753, -0.0706378, 0.645139, 0.00154823, 0.191779, -0.00287253
4.00125, -0.0823455, 0.554275, 0.00688586, 0.191743, -0.00535638
4.01776, -0.0764516, 0.597974, 0.00978381, 0.186317, -0.00726063
4.00716, -0.0696369, 0.677019, 0.0101398, 0.187763, -0.00888773
4.06407, -0.0857217, 0.667091, 0.00704155, 0.188127, -0.0093147
4.05803, -0.0881949, 0.647648, 0.00649685, 0.188502, -0.010876
4.10788, -0.0910373, 0.315917, 0.00614253, 0.190784, -0.0109318
4.23307, -0.0718165, 0.245813, 0.0065234, 0.19446, -0.00859227
4.28093, -0.0633827, 0.382881, 0.00271582, 0.198759, -0.00456696
4.3765, -0.0776837, 0.386866, 0.00220693, 0.206086, 0.000532159
4.49891, -0.0600999, 0.262094, 0.00619089, 0.210696, 0.00134294
4.62037, -0.0723192, 0.405807, 0.00982245, 0.214399, 0.00181713
4.71455, -0.0865491, 0.341365, 0.0108556, 0.219666, 0.000367427
4.76012, -0.0691876, 0.00124995, 0.0110123, 0.222134, 0.000942519
4.76422, -0.102523, 0.369741, 0.0101006, 0.220854, 0.00226885
4.80739, -0.0749436, 0.468829, 0.00781844, 0.222669, 0.00364591
4.88453, -0.06417, 0.262236, 0.00450956, 0.227858, 0.00415445
4.94532, -0.0416709, 0.350845, 7.62648e-05, 0.230059, 0.00429297
5.00675, -0.0490861, 0.320534, -0.00214886, 0.229318, 0.00105686
4.95596, -0.0256129, 0.371053, -0.00155512, 0.230353, -0.00246431
5.0096, -0.0660205, 0.341201, -0.000809649, 0.231963, -0.00569805
5.03752, -0.0627377, 0.422083, 0.00360772, 0.231154, -0.00604006
5.01301, -0.087114, 0.437131, 0.00722222, 0.231325, -0.000254103
4.99122, -0.0864645, 0.272227, 0.00750592, 0.22999, 0.00517437
4.90263, -0.0780263, 0.217861, 0.00872039, 0.227504, 0.00388882
4.87675, -0.0693122, 0.0435926, 0.00935413, 0.22665, -0.000723894
4.8684, -0.0780218, -0.150136, 0.00768353, 0.225006, -0.00672791
4.7825, -0.079423, -0.186532, 0.00566879, 0.221305, -0.00755891
4.68326, -0.0749258, 0.0753885, 0.00478897, 0.215029, -0.00577352
4.57677, -0.0936039, 0.18219, 0.00233099, 0.212311, -0.00671288
4.50884, -0.108546, 0.138749, 0.00350095, 0.209442, -0.00595046
4.47276, -0.0858329, 0.317327, 0.0022641, 0.205964, -0.00657267
4.43821, -0.0727507, 0.316513, 0.00297161, 0.204589, -0.00769698
4.37995, -0.0582139, 0.263619, 0.00397582, 0.202174, -0.00723532
4.27161, -0.0937596, 0.460191, 0.0059708, 0.195306, -0.00901947
4.17812, -0.106584, 0.621554, 0.00745756, 0.191964, -0.00966676
4.156, -0.115378, 0.308782, 0.00994323, 0.191704, -0.00947253
4.10517, -0.130151, 0.318488, 0.00773709, 0.189065, -0.00873757
4.0237, -0.117353, 0.4531, 0.00486682, 0.185565, -0.00842392
3.94026, -0.142779, 0.509388, 0.00463339, 0.181242, -0.00632997
3.81751, -0.12314, 0.50933, 0.00627473, 0.175137, -0.00736684
3.73913, -0.150079, 0.543986, 0.00860074, 0.171048, -0.00964574
3.66443, -0.17308, 0.696374, 0.00865283, 0.169423, -0.00995916
3.61346, -0.182061, 0.68564, 0.00780646, 0.165739, -0.0121926
3.6036, -0.15414, 0.668216, 0.00738006, 0.1648, -0.0115629
3.55557, -0.126863, 0.608361, 0.00750072, 0.164635, -0.00857623
3.5088, -0.151631, 0.735989, 0.00336288, 0.160895, -0.00603701
3.44885, -0.126552, 0.818388, 0.0016585, 0.158024, -0.00410124
3.34548, -0.155786, 0.539098, 0.00318821, 0.155046, -0.00681796
3.32, -0.146231, 0.323759, 0.00874819, 0.151367, -0.00841782
3.19558, -0.124804, 0.126641, 0.00755981, 0.148148, -0.00885473
3.11226, -0.108848, 0.422746, 0.00939706, 0.144633, -0.00895631
3.0531, -0.143482, 0.537203, 0.00462842, 0.142539, -0.0108106
3.0847, -0.165514, 0.269095, 0.00612796, 0.142666, -0.0104509
3.11442, -0.118096, -0.120903, 0.00926182, 0.147992, -0.0059221
3.07852, -0.142041, -0.170803, 0.0121102, 0.148461, -0.00245663
3.11351, -0.134403, -0.139963, 0.00984731, 0.147581, 0.00225235
3.14088, -0.155706, -0.185139, 0.00671378, 0.149804, 0.00245787
3.19493, -0.139083, -0.31956, 0.00556834, 0.151388, 0.00289998
3.22525, -0.0982835, -0.327985, 0.00578155, 0.151134, 0.00371144
3.21824, -0.0773857, -0.471276, 0.00241573, 0.152721, 0.00442595
3.16691, -0.0964463, -0.623578, -0.000366975, 0.151907, 0.00448482
3.24279, -0.00891868, -0.747937, 0.000376014, 0.155246, 0.00635268
3.39475, 0.0131712, -0.90064, -0.00234105, 0.162179, 0.00735362
3.54306, 0.0370937, -1.18718, -0.0040052, 0.167395, 0.00859645
3.57359, 0.0573064, -1.25898, -0.00300935, 0.170439, 0.00867147
3.66998, 0.0628133, -0.975108, -0.00430834, 0.175599, 0.00667514
3.7894, 0.0856994, -0.842902, -0.0020596, 0.179448, 0.00479869
3.84858, 0.0486858, -0.586832, 0.000806938, 0.181527, 0.00059882
3.81701, 0.036213, -0.635068, 0.00041601, 0.179995, -0.00331859
3.87044, 0.0246965, -0.681307, -0.000293761, 0.182335, -0.00450267
3.92681, 0.0368802, -0.726857, 0.00265029, 0.185062, -0.00536565
3.96539, -0.0210178, -0.556975, 0.00191125, 0.184012, -0.00576573
3.93822, -0.00443043, -0.554111, 0.00369686, 0.184331, -0.00295907
3.93619, 0.0137094, -0.530335, 0.00392814, 0.183152, 0.00330051
3.80596, 0.00138785, -0.51969, 0.00104805, 0.178359, 0.00475824
3.67922, 0.0196656, -0.510834, 0.0042323, 0.174384, 0.00356094
3.66006, -0.0226726, -0.45923, 0.00683253, 0.171068, 0.000373528
3.64748, -0.0345182, -0.410775, 0.006693, 0.169431, -0.0054775
3.64022, -0.0641389, -0.538822, 0.00503607, 0.172096, -0.0080644
3.66248, -0.0694278, -0.62816, 0.0080513, 0.171545, -0.00829953
3.74529, -0.0640144, -0.592792, 0.00623202, 0.173052, -0.00810689
3.86288, -0.0863533, -0.395536, 0.00483214, 0.179929, -0.00688857
3.9522, -0.0776837, -0.151498, 0.00409751, 0.182805, -0.0038434
4.01069, -0.102265, -0.0125395, 0.00712064, 0.184318, 0.000822643
4.09103, -0.0968556, -0.0568171, 0.00815276, 0.189886, 0.00186109
4.2101, -0.102634, 0.138762, 0.00979646, 0.194495, 0.000727961
4.3056, -0.142259, 0.102647, 0.0118103, 0.196638, 0.00035658
4.32091, -0.130159, 0.0377787, 0.0137545, 0.200168, -0.00193622
4.41049, -0.113923, -0.195704, 0.0138624, 0.203864, -0.00202593
4.46191, -0.12419, 0.0296785, 0.00930995, 0.2102, 0.000847047
4.55392, -0.0796721, 0.282693, 0.00512816, 0.211081, 0.00450742
4.67089, -0.0582228, 0.379887, 0.00321837, 0.213782, 0.00405729
4.67049, -0.0855126, 0.182315, 0.00261729, 0.21578, 0.0035623
4.68906, -0.0886797, 0.225592, 0.00204762, 0.21882, 0.00229506
4.80972, -0.106824, 0.215156, 0.00533718, 0.221523, 0.000671356
4.89415, -0.102714, 0.130733, 0.00789583, 0.227638, -0.00312347
4.96777, -0.109751, 0.390087, 0.00775426, 0.228183, -0.00324131
5.02184, -0.0804283, 0.437847, 0.0052286, 0.232999, 0.00100681
5.07782, -0.0514081, 0.297212, 0.00501517, 0.236487, 0.00444064
5.12311, -0.0356258, 0.199298, 0.00516318, 0.237129, 0.00532362
5.17075, -0.0683247, -0.016534, 0.00962891, 0.241518, 0.00394453
5.25017, -0.0764116, -0.03406, 0.00945898, 0.244426, 0.00480231
5.27943, -0.0932881, -0.0851212, 0.0068975, 0.245436, 0.00815129
5.37115, -0.00981723, 0.0676752, 0.00319352, 0.251959, 0.0104734
5.54514, -0.0217918, -0.0665899, 0.00340423, 0.258794, 0.0114828
5.66626, 0.0325432, 0.021903, 8.43997e-05, 0.263354, 0.0118262
5.66263, 0.0764027, -0.103813, 0.00165455, 0.263682, 0.0114378
5.74137, 0.0576312, -0.0165207, 0.00265085, 0.26703, 0.009246
5.88529, 0.0342513, 0.0616301, 0.00482818, 0.274197, 0.00711454
5.95478, -0.0261822, 0.175945, 0.00687467, 0.275901, 0.00458413
5.925, -0.0215605, 0.129568, 0.00772918, 0.274333, 0.00255176
5.84127, 0.0153063, 0.48781, 0.00930385, 0.267521, 0.00177556
5.82186, -0.0537301, 0.666495, 0.0110731, 0.268375, 0.000706607
5.93597, -0.0310886, 0.759894, 0.00762399, 0.272, -0.00351112
5.97724, -0.00284686, 0.477428, 0.00506567, 0.272564, -0.00800678
5.93578, -0.0230062, 0.467668, 0.00304031, 0.269669, -0.00897879
5.90712, -0.0194209, 0.396692, 0.00388159, 0.267203, -0.00864097
5.88276, -0.0683425, 0.432954, 0.0046021, 0.268277, -0.00852211
5.93327, -0.0774925, 0.423875, 0.00599735, 0.270048, -0.00863193
5.98229, -0.0293983, 0.594394, 0.00525865, 0.271908, -0.00760987
5.95339, -0.0425383, 0.694683, 0.00564822, 0.271064, -0.0059708
5.96911, -0.05369, 0.595319, 0.00835127, 0.273138, 0.00243234
6.00844, -0.0628756, 0.427572, 0.00587148, 0.27642, 0.00571206
6.03336, -0.0146213, 0.50865, 0.00566608, 0.274723, 0.00645765
6.05885, 0.0100841, 0.406189, 0.00179544, 0.2756, 0.00308573
6.15001, 0.0347006, 0.455791, 0.000201678, 0.27847, -0.000490015
6.08689, -0.0200793, 0.638133, -0.00041375, 0.274784, -0.00725374
6.03076, -0.0450071, 0.628325, 0.00502229, 0.27251, -0.0094801
5.9961, -0.0774569, 0.518124, 0.00671661, 0.271191, -0.0130412
6.0364, -0.0708602, 0.742226, 0.00806576, 0.271394, -0.0128442
6.02576, -0.1256, 1.21086, 0.00665277, 0.269552, -0.00986945
5.97119, -0.116357, 1.36724, 0.00423671, 0.265428, -0.00546993
5.93028, -0.101379, 1.40724, -0.000193204, 0.265322, -0.000353078
5.8526, -0.0771099, 1.46406, 0.000178968, 0.26178, 0.00253063
5.72427, -0.105374, 1.33723, 0.00174934, 0.256995, -0.000150383
5.69895, -0.121721, 0.936898, 0.0038677, 0.25188, -0.00775607
5.60636, -0.131085, 0.720163, 0.00693207, 0.252162, -0.0104997
5.54269, -0.142041, 0.809736, 0.00841229, 0.250551, -0.0110756
5.47305, -0.146191, 1.06351, 0.00688676, 0.248089, -0.00800317
5.43741, -0.104969, 0.834046, 0.0024999, 0.2475, -0.00364715
5.44695, -0.0876211, 0.485866, 9.95396e-05, 0.247438, -0.0020013
5.43761, -0.0707668, 0.340738, 0.00159749, 0.245926, -0.00426676
5.39953, -0.123287, 0.391573, 0.00616253, 0.244632, -0.00856007
5.35169, -0.160732, 0.506781, 0.00988866, 0.241055, -0.0110242
5.34158, -0.176181, 0.348812, 0.014103, 0.239881, -0.00841093
5.38861, -0.164664, 0.24233, 0.0165288, 0.24244, -0.0073578
5.40635, -0.166813, 0.156302, 0.0180404, 0.243731, -0.00367381
5.41003, -0.163944, 0.220009, 0.0157482, 0.244419, -0.00214615
5.43839, -0.152779, 0.398498, 0.0145714, 0.243286, -0.00256114
5.41318, -0.153766, 0.315374, 0.00836336, 0.242721, -0.00441782
5.37935, -0.117122, -0.0726884, 0.00339022, 0.246006, -0.00654318
5.41951, -0.0985859, -0.385781, 0.0027888, 0.246303, -0.00583714
5.4017, -0.103225, -0.599398, 0.00429489, 0.24835, -0.0046047
5.37188, -0.113576, -0.551108, 0.00911821, 0.247076, -0.00182742
5.39463, -0.108323, -0.744899, 0.0104485, 0.246089, 0.00145683
5.3835, -0.0671148, -0.878639, 0.00785482, 0.248004, 0.00279118
5.37712, -0.0913309, -1.35621, 0.00650284, 0.24938, -0.00019343
5.38611, -0.0632982, -1.13172, 0.00529639, 0.248612, 0.000759936
5.40123, -0.0239893, -0.747515, 8.75632e-05, 0.247732, 0.000821174
5.36457, -0.01705, -0.857564, -0.00135751, 0.245515, -0.00196322
5.29511, -0.0742898, -1.00324, -0.000201904, 0.23855, -0.00569138
5.2205, -0.0692988, -0.782269, 0.00200141, 0.234353, -0.00966133
5.26601, -0.0880437, -0.37898, 0.0043393, 0.23552, -0.0095758
5.28085, -0.101099, -0.0939642, 0.00624976, 0.23678, -0.0114753
5.29971, -0.13011, 0.0771277, 0.004851, 0.236841, -0.0103206
5.27867, -0.136062, 0.223234, 0.00868627, 0.233356, -0.00823422
5.32617, -0.170741, 0.197505, 0.0121023, 0.235931, -0.00738887
5.37451, -0.197212, 0.833121, 0.0125444, 0.238961, -0.00745496
5.37209, -0.205437, 1.40601, 0.0109182, 0.236511, -0.00768432
5.34793, -0.220636, 1.28924, 0.0117822, 0.23565, -0.00840912
5.34733, -0.215129, 0.966265, 0.0102796, 0.234821, -0.00882728
5.24374, -0.192172, 0.660205, 0.0111547, 0.232255, -0.0110568
5.1738, -0.18844, 0.571014, 0.0099665, 0.231488, -0.0107372
5.14871, -0.206531, 0.249781, 0.0149278, 0.230081, -0.0105373
5.13607, -0.267263, 0.385999, 0.0175694, 0.230706, -0.00921798
5.18588, -0.266319, 0.522969, 0.0165108, 0.231859, -0.00597645
5.16707, -0.233251, 0.437136, 0.0151218, 0.23134, -0.00169861
5.1091, -0.213421, 0.432078, 0.0146446, 0.229508, 0.00234025
5.04186, -0.233065, 0.753729, 0.0121461, 0.224485, 0.00128373
4.98492, -0.244723, 0.624704, 0.0107463, 0.220601, -0.00291738
4.95428, -0.20073, 0.621127, 0.0115639, 0.216918, -0.00702302
4.89815, -0.23407, 0.537941, 0.0109393, 0.215413, -0.0101502
4.79011, -0.20303, 0.47608, 0.0116746, 0.213298, -0.00971873
4.65495, -0.200682, 0.430059, 0.0105243, 0.207667, -0.0116791
4.61092, -0.240066, 0.286363, 0.0113663, 0.205734, -0.0127154
4.56068, -0.229577, -0.018767, 0.00997215, 0.205206, -0.0133377
4.48894, -0.183004, -0.38426, 0.0113677, 0.203287, -0.0118936
4.40871, -0.193551, -0.247971, 0.00924747, 0.199792, -0.010009
4.4107, -0.177217, 0.193627, 0.00429105, 0.196406, -0.00638794
4.26868, -0.175095, 0.447616, 0.00549592, 0.192144, -0.00383742
4.24732, -0.201794, 0.615234, 0.00544598, 0.186888, -0.00711002
4.21454, -0.22149, 0.191234, 0.00909132, 0.186336, -0.0112433
4.18886, -0.237882, -0.110783, 0.0125279, 0.188207, -0.00917053
4.19971, -0.208653, 0.0602645, 0.0136629, 0.188762, -0.00817513
4.19796, -0.237215, 0.254336, 0.014882, 0.18699, -0.00218354
4.16265, -0.236027, 0.56165, 0.013137, 0.187219, 0.00103867
4.16292, -0.253486, 0.551668, 0.0142141, 0.186486, -0.000366297
4.15074, -0.241779, 0.242962, 0.0127942, 0.18549, -0.00472661
4.17151, -0.243927, 0.114662, 0.00859758, 0.18556, -0.00714414
4.1779, -0.197675, -0.133843, 0.00837839, 0.190105, -0.00414451
4.19309, -0.188533, -0.0855838, 0.00667345, 0.191842, 7.23103e-05
4.23258, -0.206829, -0.14479, 0.0110747, 0.193766, 0.00328876
4.25186, -0.230534, 0.0422225, 0.0115486, 0.192174, 0.0019221
4.27742, -0.214756, -0.263148, 0.0122199, 0.192499, 0.00104488
4.25489, -0.179699, -0.265034, 0.00956405, 0.193639, -0.000385617
4.27027, -0.204227, 0.0563456, 0.00486208, 0.192076, -0.000909754
4.26063, -0.188155, 0.209422, 0.00507539, 0.190963, -7.76206e-05
4.22951, -0.212563, 0.477726, 0.00429986, 0.19042, -0.000592944
4.26697, -0.220663, 0.469287, 0.00778827, 0.18967, -0.000556224
4.28317, -0.212305, 0.470697, 0.00865306, 0.18902, 0.000867385
4.28553, -0.222069, 0.356507, 0.0103433, 0.191848, 0.00314877
4.21907, -0.270883, 0.374567, 0.0147219, 0.189271, 0.00199373
4.23381, -0.257014, 0.658937, 0.0166992, 0.187385, -0.000695083
4.30689, -0.271662, 0.621154, 0.0161952, 0.192907, -0.00217959
4.35792, -0.245319, 0.427056, 0.0156931, 0.196913, 0.0016002
4.37036, -0.233625, 0.464737, 0.0109081, 0.193925, 0.00424111
4.29333, -0.231525, 0.508823, 0.00790306, 0.195453, 0.00384024
4.31016, -0.213475, 0.737738, 0.00682123, 0.195336, -6.81299e-05
4.36029, -0.233936, 0.74171, 0.0109176, 0.195474, -0.0059926
4.38498, -0.266747, 0.892282, 0.012306, 0.192638, -0.00827331
4.40754, -0.259407, 0.877358, 0.0141924, 0.19489, -0.00510206
4.42576, -0.29429, 0.793389, 0.0153092, 0.199775, 0.000940373
4.46598, -0.264487, 0.697637, 0.0138256, 0.200918, 0.00448482
4.49611, -0.216268, 0.642555, 0.0149037, 0.202303, 0.00329001
4.4834, -0.275572, 0.533773, 0.0188413, 0.203415, 0.00100681
4.49126, -0.310975, 0.60325, 0.0176221, 0.201697, -0.00139152
4.50253, -0.314823, 0.334128, 0.0191054, 0.203396, -0.0019856
4.51448, -0.267409, 0.175918, 0.0194152, 0.205475, 0.00158348
4.50536, -0.256493, 0.178169, 0.0190429, 0.20558, 0.00408621
4.48953, -0.295197, 0.241191, 0.0178091, 0.204753, 0.00434472
4.4937, -0.297795, 0.27631, 0.017257, 0.204996, 0.00369619
4.49512, -0.303235, 0.273988, 0.0208082, 0.204084, 0.000563455
4.51452, -0.284984, 0.33758, 0.0197259, 0.205459, 0.0019482
4.51164, -0.267369, 0.257494, 0.0150255, 0.206839, 0.00340649
4.51922, -0.227922, 0.150514, 0.0108376, 0.205846, 0.00473011
4.51404, -0.208301, 0.123309, 0.0105626, 0.205005, 0.00442855
4.50566, -0.22855, 0.42545, 0.00826428, 0.205365, 0.0021797
4.46266, -0.202261, 0.521945, 0.00500263, 0.202877, 0.000349462
4.47143, -0.201976, 0.501435, 0.0049928, 0.202175, -0.00245697
4.44265, -0.208017, 0.349621, 0.00571522, 0.202411, -0.0022188
4.43077, -0.165154, 0.290131, 0.00754716, 0.202683, 0.00111053
4.42227, -0.165554, 0.122678, 0.00728662, 0.20297, 0.00404045
4.32907, -0.166466, 0.0610919, 0.0078747, 0.200254, 0.00463882
4.29053, -0.179308, -0.111873, 0.0108437, 0.197787, 0.000802305
4.24198, -0.157547, -0.179117, 0.0150253, 0.194944, -0.00499404
4.22818, -0.19082, -0.254203, 0.0117777, 0.19679, -0.00825207
4.29771, -0.165082, -0.44931, 0.00995362, 0.199233, -0.00540418
4.30503, -0.172395, -0.355079, 0.0106481, 0.202558, -0.00027557
4.37761, -0.166452, -0.0809888, 0.0122267, 0.202511, 0.00556213
4.42541, -0.199952, -0.00151684, 0.0107391, 0.202833, 0.00460119
4.44496, -0.190197, -0.0674706, 0.012391, 0.206759, 0.00121368
4.57672, -0.198804, -0.0795653, 0.0113868, 0.21066, -0.00134746
4.58965, -0.154113, -0.286594, 0.00854843, 0.212142, -0.00167489
4.74063, -0.183983, -0.318595, 0.00804045, 0.217464, -0.0064033
4.90791, -0.238345, 0.00468843, 0.0126666, 0.223275, -0.0151133
5.07122, -0.280069, 0.0645971, 0.0143381, 0.22829, -0.0176931
5.1227, -0.300344, -0.185362, 0.0158445, 0.230551, -0.0168571
5.22842, -0.333924, -0.354737, 0.0171416, 0.233037, -0.015878
5.22352, -0.372138, -0.388877, 0.0161601, 0.23284, -0.0141335
5.21408, -0.366707, -0.592485, 0.0146759, 0.23329, -0.0113389
5.29374, -0.358322, -0.543782, 0.0126454, 0.236472, -0.00628941
5.24021, -0.358407, -0.466476, 0.0106338, 0.23593, -0.000104398
5.24225, -0.30731, -0.401221, 0.0117816, 0.235257, 0.00267898
5.29801, -0.370755, -0.472842, 0.0135392, 0.237615, 0.00245968
5.29495, -0.36382, -0.257868, 0.0167403, 0.234926, 0.00184516
5.26588, -0.341801, -0.0266271, 0.0193745, 0.233579, -0.000367653
5.32535, -0.378219, -0.162551, 0.0201621, 0.236922, -0.00195486
5.30701, -0.400811, -0.214591, 0.0211976, 0.238514, -0.000359857
5.39725, -0.378646, -0.571508, 0.0205984, 0.242966, 0.0018299
5.46094, -0.376386, -0.831889, 0.0192655, 0.248335, 0.00189679
5.50809, -0.349243, -0.865882, 0.0213672, 0.248784, 0.00384002
5.54082, -0.373522, -0.534263, 0.0195063, 0.251319, 0.00458741
5.59547, -0.373206, -0.363366, 0.019732, 0.254934, 0.00577511
5.63436, -0.353914, -0.507431, 0.018632, 0.256404, 0.00542768
