# Trial: 3
# Angle[deg]: 20
# Timestamp: 20260308_204349

Fx [N], Fy [N], Fz [N], Mx [Nm], My [Nm], Mz [Nm]
1.33716, -0.389824, -6.97927, 0.0012147, 0.0782533, -0.00528712
1.37113, -0.390452, -6.9198, 0.00246996, 0.0794594, -0.00875147
1.34608, -0.416567, -6.92905, 0.00243166, 0.0799372, -0.00923323
1.33245, -0.426518, -7.0357, 0.00335124, 0.0783465, -0.00870243
1.33073, -0.419796, -6.97574, 0.00396238, 0.0774641, -0.00215146
1.31144, -0.41517, -6.85655, 0.00327012, 0.0775286, 0.000894049
1.34368, -0.384064, -6.71183, 0.00622174, 0.0800561, 0.00239867
1.39099, -0.391608, -6.69504, 0.0107421, 0.079178, 0.00054357
1.47173, -0.367543, -6.50379, 0.00993171, 0.0811058, -0.00501709
1.63716, -0.358709, -6.37369, 0.00860244, 0.0884222, -0.00827162
1.83905, -0.335133, -6.18003, 0.00923504, 0.0951191, -0.0107554
2.10798, -0.330774, -5.67203, 0.00700483, 0.106908, -0.0113546
2.54455, -0.289286, -5.12065, 0.00430653, 0.125684, -0.012167
3.03219, -0.268423, -4.56001, 0.00364026, 0.146379, -0.0127856
3.46059, -0.248091, -4.38093, 0.00688563, 0.163555, -0.0106825
4.07139, -0.295486, -4.78951, 0.00393402, 0.193247, -0.0124441
4.63241, -0.344332, -5.43798, 0.00565274, 0.217343, -0.0134564
5.06353, -0.423462, -5.85256, 0.00609169, 0.235571, -0.0140989
5.44497, -0.496475, -6.0166, 0.00744321, 0.255989, -0.0150955
5.82648, -0.544645, -5.85021, 0.0101424, 0.270371, -0.0175733
6.08963, -0.624339, -5.76044, 0.0112735, 0.2858, -0.0160051
6.44076, -0.634748, -5.47395, 0.0108498, 0.299019, -0.0140394
6.74853, -0.649214, -5.42346, 0.00782567, 0.313717, -0.0055149
6.95901, -0.599095, -5.25646, 0.0074962, 0.324022, 0.00238793
7.21483, -0.52941, -4.94465, 0.00632726, 0.334318, 0.00269198
7.4737, -0.51635, -4.80399, 0.00988662, 0.344798, 0.000922182
7.73205, -0.547283, -4.52874, 0.0118639, 0.352015, -0.010361
7.86203, -0.553363, -4.38061, 0.00961004, 0.359923, -0.0134963
7.99729, -0.622115, -4.65955, 0.0120006, 0.368343, -0.0146102
8.21755, -0.654912, -4.45579, 0.010118, 0.377392, -0.0155171
8.33624, -0.684292, -4.41183, 0.0104301, 0.381461, -0.0159246
8.53559, -0.742475, -4.36836, 0.0131671, 0.39126, -0.0167324
8.75492, -0.822743, -4.38858, 0.0166462, 0.401437, -0.0187372
8.98139, -0.911138, -4.69409, 0.0215594, 0.411886, -0.0196038
9.21632, -0.995098, -4.70293, 0.0244636, 0.421282, -0.0189385
9.49397, -1.02316, -4.33673, 0.02622, 0.431378, -0.018806
9.6039, -1.05889, -3.93262, 0.0280361, 0.43579, -0.0174147
9.81904, -1.08216, -3.59062, 0.0306839, 0.442637, -0.0149603
9.97609, -1.0747, -3.54605, 0.0368637, 0.450823, -0.00543819
10.1759, -1.04263, -3.44368, 0.0365742, 0.459647, 0.000143604
10.3114, -0.987029, -3.06737, 0.0324936, 0.462342, 0.00187284
10.4251, -0.926431, -2.85206, 0.0321139, 0.468005, 0.00338864
10.532, -0.888007, -2.86238, 0.0296394, 0.470389, 0.00300076
10.5545, -0.888185, -2.76938, 0.0303926, 0.472024, -0.00284857
10.6778, -0.893323, -2.62719, 0.0294371, 0.475097, -0.0128961
10.8186, -0.929523, -2.54964, 0.0275755, 0.480977, -0.015194
10.9791, -0.953387, -2.41645, 0.0243012, 0.488386, -0.0150031
11.0075, -1.00128, -2.45498, 0.0244639, 0.492694, -0.0177752
10.986, -1.09964, -2.65285, 0.0297411, 0.495894, -0.0198432
10.9631, -1.24256, -2.61718, 0.0331853, 0.493901, -0.0214482
11.0513, -1.3216, -2.58713, 0.0370629, 0.498684, -0.0184084
11.164, -1.37593, -2.58733, 0.035523, 0.50494, -0.0178484
11.2789, -1.42583, -2.88686, 0.0327317, 0.510485, -0.0115983
11.2364, -1.38032, -2.7969, 0.0297214, 0.51007, -0.00102093
11.1878, -1.38197, -2.76033, 0.0307833, 0.509171, -0.000608875
11.1104, -1.33033, -2.74091, 0.0312154, 0.50426, -0.00900376
11.1086, -1.36991, -2.92165, 0.0294277, 0.505092, -0.0106129
11.1073, -1.32079, -2.77436, 0.0251236, 0.503114, -0.00554145
11.0927, -1.32918, -2.99657, 0.0237329, 0.504386, -0.00352162
11.0347, -1.31216, -2.87392, 0.0208887, 0.50119, -0.00632195
10.972, -1.30821, -2.70129, 0.0212514, 0.498491, -0.0137049
11.0635, -1.30126, -2.34399, 0.0189442, 0.502509, -0.013716
11.086, -1.32405, -2.40706, 0.0171016, 0.50525, -0.0040818
11.0701, -1.33532, -2.88751, 0.0192882, 0.505991, -0.00110273
11.0227, -1.47723, -3.74796, 0.0268538, 0.505343, -0.0135831
10.9924, -1.54855, -4.08913, 0.0329777, 0.50568, -0.01588
11.0456, -1.51192, -4.02682, 0.0326196, 0.509907, -0.00598944
11.1778, -1.40968, -3.35641, 0.0265495, 0.512262, 0.00432867
11.2582, -1.37767, -2.9449, 0.0222277, 0.511477, 0.00489123
11.2207, -1.27291, -2.66029, 0.0199335, 0.509714, 0.00341259
11.2164, -1.29156, -2.59167, 0.0160826, 0.507686, 0.000530577
11.2271, -1.35501, -3.01835, 0.02019, 0.512884, -0.00622818
11.3101, -1.41012, -3.18702, 0.0230461, 0.515506, -0.0145237
11.4397, -1.46662, -3.21465, 0.0245672, 0.52156, -0.015028
11.4037, -1.44712, -2.99056, 0.0232993, 0.522241, -0.0145755
11.4889, -1.4632, -3.06322, 0.0250919, 0.525092, -0.0155578
11.4255, -1.45823, -2.80149, 0.0260005, 0.522393, -0.0138957
11.3974, -1.39272, -2.31179, 0.0255653, 0.520366, -0.00718109
11.4075, -1.39628, -2.38751, 0.0293959, 0.519814, -0.00256702
11.4633, -1.46274, -2.72372, 0.0347318, 0.522225, 0.0010041
11.4299, -1.43738, -2.82938, 0.0350713, 0.522633, 0.0029341
11.4104, -1.41741, -3.00639, 0.0335119, 0.519172, 0.00522702
11.4462, -1.36315, -2.98525, 0.0325951, 0.518394, 0.00915934
11.4304, -1.30974, -3.21822, 0.0304039, 0.516655, 0.00945231
11.5394, -1.29855, -3.22008, 0.0314775, 0.520666, 0.00796972
11.5541, -1.28939, -3.09254, 0.0359708, 0.518212, -0.000106206
11.6833, -1.28861, -3.12002, 0.0355971, 0.525406, -0.00940271
11.7405, -1.26038, -2.61148, 0.0278941, 0.528611, -0.00970494
11.8916, -1.26923, -2.44223, 0.0253283, 0.532841, -0.00954846
12.0691, -1.28747, -2.16781, 0.0270317, 0.542532, -0.0120966
12.1665, -1.32073, -2.32911, 0.0311866, 0.544966, -0.0125374
11.9669, -1.41761, -2.96763, 0.0392264, 0.542405, 0.00124939
11.465, -1.45817, -4.49338, 0.0437646, 0.525651, 0.00360636
11.4551, -1.43077, -4.89265, 0.0399526, 0.524939, 0.00825094
11.5635, -1.20463, -4.50374, 0.029446, 0.522328, 0.0152691
11.5762, -0.997972, -4.33437, 0.0192935, 0.521833, 0.0170307
11.6165, -0.816258, -4.426, 0.0134521, 0.520468, 0.0166358
11.433, -0.826933, -4.51181, 0.0165766, 0.512015, 0.00933266
11.6086, -0.782451, -4.20889, 0.0190296, 0.519572, -0.0106615
11.759, -0.863529, -4.09468, 0.0233367, 0.522088, -0.0134426
11.7796, -0.948748, -4.06951, 0.0191735, 0.528151, -0.014539
11.7799, -1.02754, -4.27571, 0.0194938, 0.53078, -0.0150246
11.974, -1.12173, -4.44142, 0.0235927, 0.54145, -0.0196179
12.0251, -1.23851, -4.19261, 0.02834, 0.545628, -0.022556
12.0872, -1.3792, -3.78017, 0.0335706, 0.549217, -0.0230826
12.0686, -1.5122, -3.65289, 0.0350727, 0.550125, -0.0219186
12.084, -1.56906, -3.93292, 0.037981, 0.552123, -0.0154358
12.1216, -1.49118, -4.10338, 0.0365847, 0.552098, 0.00416383
12.1983, -1.41721, -4.33259, 0.0363794, 0.55323, 0.00876559
12.152, -1.27502, -4.4733, 0.0311684, 0.548506, 0.0125754
12.1308, -1.16892, -4.60703, 0.0278193, 0.544244, 0.0138914
12.1415, -1.10421, -4.96724, 0.0288413, 0.544274, 0.0119402
12.0236, -1.05019, -4.90785, 0.0327133, 0.540593, 0.00742062
11.969, -1.05066, -4.48456, 0.0309488, 0.531804, -0.000134226
11.9508, -0.988061, -4.01763, 0.0252752, 0.530249, -0.00737407
11.8876, -0.989098, -4.16227, 0.0206544, 0.530755, -0.00827173
12.0299, -1.03325, -4.70081, 0.0191983, 0.540022, 0.00114578
12.2315, -0.961932, -4.5216, 0.0181046, 0.548932, 0.0126407
12.3133, -0.893915, -4.07349, 0.0152635, 0.550177, 0.0141265
12.3406, -0.957991, -4.40678, 0.0193518, 0.550994, 0.0112356
12.2436, -0.965242, -4.5263, 0.0242591, 0.549671, 0.00669819
12.3275, -0.978284, -4.84608, 0.0281536, 0.553178, 0.0093356
12.3803, -0.952983, -4.90686, 0.0240126, 0.551785, 0.0122306
12.324, -0.900445, -5.09397, 0.020041, 0.550685, 0.013875
12.3171, -0.85945, -5.02642, 0.0130443, 0.551767, 0.0108337
12.3539, -0.870695, -4.93975, 0.0100159, 0.552342, -0.00128656
12.404, -0.853289, -4.53393, 0.00890366, 0.554163, -0.0073256
12.5374, -0.863155, -4.27387, 0.0086761, 0.557552, -0.006298
12.645, -0.809897, -4.40043, 0.00794487, 0.56292, 0.00312979
12.5825, -0.822859, -4.33108, 0.00655911, 0.560863, 0.0100973
12.4735, -0.863742, -4.5648, 0.0139062, 0.557206, 0.00719725
12.4944, -0.837551, -4.30221, 0.0129174, 0.555536, 0.000912804
12.5132, -0.860362, -4.48633, 0.00847703, 0.557152, 0.00591024
12.407, -0.7898, -4.38247, 0.00194131, 0.552286, 0.0123395
12.3429, -0.827792, -4.72797, 0.00513279, 0.550775, 0.00577567
12.3232, -0.859663, -4.53365, 0.00656351, 0.547571, -0.00739689
12.349, -0.800502, -4.15212, 0.00521967, 0.547143, -0.00104183
12.2318, -0.798327, -4.35217, 0.00458515, 0.545502, 0.0145419
12.1496, -0.764276, -4.52002, 0.00532949, 0.543091, 0.0166311
12.1599, -0.757096, -4.70864, 0.00565817, 0.544333, 0.0161375
12.1395, -0.706124, -4.56602, 0.00553095, 0.543472, 0.0155554
12.1704, -0.681054, -4.52183, 0.00762467, 0.544996, 0.0149254
12.1161, -0.680702, -4.61135, 0.00767223, 0.542701, 0.0146284
12.1286, -0.655174, -4.57533, 0.0040931, 0.542376, 0.0155491
12.0344, -0.632715, -4.8978, 0.00314245, 0.539553, 0.0152177
11.8531, -0.628556, -5.20314, -0.00106093, 0.53394, 0.0140189
11.7868, -0.643004, -5.28491, -0.00430506, 0.528819, 0.00302607
11.745, -0.644338, -5.08787, -0.000923877, 0.524967, -0.0074944
11.6434, -0.642216, -4.68524, -0.00285592, 0.523455, -0.00799582
11.6134, -0.662981, -4.75575, -0.00412474, 0.519689, -0.00703602
11.4861, -0.710621, -4.99267, -0.00563817, 0.514194, -0.00258554
11.2777, -0.723895, -5.22847, -0.00433658, 0.507715, -0.00713883
11.0495, -0.755166, -5.53206, 0.00115866, 0.496895, -0.00867927
10.8534, -0.804385, -5.64686, 0.00305432, 0.489684, -0.00859453
10.7465, -0.766549, -5.58011, -0.00336491, 0.487237, -0.00354953
10.6793, -0.727858, -5.34745, -0.00565941, 0.481598, 0.00581058
10.6603, -0.709033, -5.2482, -0.00462481, 0.484623, 0.00667865
10.6385, -0.71583, -5.26896, -0.00547095, 0.482961, 0.00353394
10.6094, -0.695733, -5.12322, -0.00596662, 0.48045, 0.00608017
10.5856, -0.660272, -4.90331, -0.00730447, 0.480231, 0.0117223
10.6863, -0.642826, -4.92137, -0.00510838, 0.485533, 0.0119744
10.654, -0.69491, -5.10869, -0.00262464, 0.481541, 0.0117598
10.646, -0.697579, -5.0578, 0.00227054, 0.484748, 0.00812214
10.6835, -0.699336, -5.0489, 0.00635506, 0.484582, 0.00752129
10.7826, -0.672313, -5.12543, 0.00323656, 0.489173, 0.0131386
10.7947, -0.665574, -5.15644, -0.00523775, 0.490369, 0.0101746
10.8686, -0.678114, -5.31479, -0.00935356, 0.493818, 0.00468119
10.8199, -0.661562, -4.99099, -0.00936452, 0.487933, -0.00389583
10.823, -0.680671, -4.86926, -0.00908183, 0.488479, -0.00789651
10.908, -0.697339, -4.83291, -0.00832404, 0.491315, -0.00706901
10.9734, -0.657287, -4.79173, -0.0104684, 0.495243, -0.000297941
10.8443, -0.606359, -4.69924, -0.0125685, 0.49037, 0.00267616
10.7917, -0.642799, -4.70614, -0.012203, 0.48702, -0.00536599
10.8786, -0.67536, -4.73564, -0.00673152, 0.489998, -0.00872412
10.9625, -0.685373, -4.69235, -0.00615112, 0.493583, -0.00994176
10.9323, -0.684768, -4.70998, -0.00689015, 0.495592, -0.00947909
11.001, -0.687477, -4.62852, -0.00827218, 0.498759, -0.00791131
11.0693, -0.644276, -4.49386, -0.00986606, 0.501437, -0.00669469
11.153, -0.676846, -4.36905, -0.00981398, 0.506368, -0.00686609
11.2052, -0.665187, -4.35176, -0.0058403, 0.504076, -0.00809333
11.1695, -0.716653, -4.43288, 0.000286868, 0.504562, -0.00993826
11.1884, -0.774711, -4.65625, 0.0052434, 0.506797, -0.0102364
11.2125, -0.726595, -4.50135, 0.00271548, 0.506142, -0.00671683
11.2882, -0.738689, -4.44719, -0.00240918, 0.51281, -0.00481225
11.3141, -0.714758, -4.28402, -0.0029184, 0.511394, -0.0121249
11.3798, -0.77496, -4.52642, -0.00113448, 0.517825, -0.0126891
11.4198, -0.717503, -4.35545, -0.000976754, 0.516662, -0.01152
11.414, -0.71462, -4.37886, -0.00455385, 0.518528, -0.00711646
11.4461, -0.720883, -4.46032, -0.00672384, 0.519654, 0.00206288
11.3095, -0.706938, -4.38956, -0.00874966, 0.513126, 0.010224
11.2989, -0.675925, -4.35932, -0.00498975, 0.512779, 0.01334
11.2313, -0.669755, -4.41056, -0.00433986, 0.507363, 0.0153587
11.2246, -0.621648, -4.40961, -0.00762512, 0.506963, 0.0170736
11.1494, -0.525891, -4.27364, -0.0100011, 0.502427, 0.0191152
11.0851, -0.468398, -4.45264, -0.010543, 0.49948, 0.0191812
11.0005, -0.428817, -4.51914, -0.00895732, 0.494836, 0.0144503
11.0062, -0.402996, -4.20067, -0.00449646, 0.492891, 0.00953829
10.965, -0.390073, -3.85986, -0.00714324, 0.49019, 0.000642432
10.9614, -0.357228, -3.75742, -0.0147501, 0.490348, 0.00621111
10.9238, -0.321224, -3.8303, -0.0184209, 0.489307, 0.00543999
10.8813, -0.353469, -3.55342, -0.0151603, 0.482348, -0.00623665
10.8287, -0.367654, -3.42785, -0.0119121, 0.484017, -0.00666407
10.7581, -0.318591, -3.02689, -0.010186, 0.48001, 0.000236025
10.7988, -0.336806, -3.2937, -0.00940633, 0.484646, 0.0120651
10.7506, -0.361707, -3.2938, -0.00733961, 0.483022, 0.0112467
10.7863, -0.35733, -3.34192, -0.00396181, 0.482436, 0.0072273
10.6974, -0.328586, -3.1328, -0.00507098, 0.477811, 0.0103124
10.55, -0.322696, -3.26385, -0.00564438, 0.474727, 0.0132696
10.531, -0.340516, -3.53331, -0.00456696, 0.473682, 0.0120218
10.4357, -0.389896, -3.9724, 6.58702e-05, 0.470204, 0.0102057
10.3582, -0.416398, -4.15093, 0.00187125, 0.467039, 0.00995249
10.2011, -0.395629, -4.36358, 0.00173816, 0.460059, 0.0115388
10.0967, -0.386519, -4.55055, 0.000121685, 0.455562, 0.012363
10.0571, -0.376693, -4.77531, 5.42327e-06, 0.453551, 0.0112241
10.0652, -0.365751, -4.76194, 0.00038268, 0.450905, 0.00619496
9.98803, -0.310579, -4.4861, -0.00301421, 0.446983, -0.00504195
9.87155, -0.323444, -4.17535, -0.0108232, 0.440925, -0.00754886
9.81852, -0.345289, -4.22007, -0.0087161, 0.439664, -0.00818372
9.92157, -0.349639, -4.06029, -0.00885507, 0.44284, -0.00915234
9.82988, -0.319436, -3.73701, -0.0120087, 0.440308, -0.00802836
9.74982, -0.318537, -3.67963, -0.015284, 0.437265, -0.0040522
9.6497, -0.317554, -3.61488, -0.0177648, 0.434315, -0.00197769
9.48773, -0.293169, -3.78618, -0.0152636, 0.427079, -0.00449973
9.42719, -0.301389, -3.98102, -0.0186807, 0.426231, -0.00190922
9.27815, -0.311869, -3.90107, -0.0243592, 0.418836, 0.00685852
9.19533, -0.3092, -3.81403, -0.0273567, 0.416557, 0.00422213
9.1542, -0.303097, -3.86784, -0.0236364, 0.414672, -0.00628568
9.14027, -0.287982, -3.49418, -0.0195396, 0.415199, -0.00951863
9.1201, -0.322376, -3.27104, -0.0186371, 0.416174, -0.0106191
9.02594, -0.268499, -3.06047, -0.0212434, 0.411149, -0.00565851
8.99304, -0.315183, -3.19466, -0.0248874, 0.410438, 0.00428947
8.86736, -0.25148, -2.79814, -0.0281159, 0.403522, 0.00690315
8.80154, -0.206945, -2.6913, -0.0295802, 0.398915, 0.00614773
8.75213, -0.209062, -2.55714, -0.0287794, 0.397262, 0.00555128
8.72764, -0.195562, -2.46687, -0.0285861, 0.396939, 0.00625834
8.74584, -0.202007, -2.43041, -0.0312686, 0.396123, 0.00734108
8.66873, -0.140337, -2.10784, -0.0345697, 0.392495, 0.00784589
8.61359, -0.179406, -2.35884, -0.0357878, 0.391612, 0.00734187
8.54915, -0.169944, -2.56231, -0.0309622, 0.390048, 0.00900421
8.44894, -0.107411, -2.18539, -0.0321603, 0.384011, 0.00961297
8.32212, -0.0776037, -1.80924, -0.0352896, 0.377436, 0.00941525
8.31412, -0.0472223, -1.56866, -0.0382652, 0.376126, 0.00861577
8.2597, -0.0350787, -1.62272, -0.0380713, 0.374113, 0.00798159
8.23996, -0.02088, -1.41736, -0.037098, 0.369988, 0.00688507
8.13686, -0.0275523, -1.56832, -0.036834, 0.367564, 0.00769235
8.09982, -0.0673728, -1.91746, -0.0339394, 0.368558, 0.00711816
8.04222, -0.0188071, -1.56729, -0.0381966, 0.362467, 0.00839884
7.99896, -0.00592058, -1.41289, -0.0372119, 0.362214, 0.0104639
7.95493, -0.00191718, -1.22224, -0.0386763, 0.359434, 0.00355044
7.99978, -0.0535566, -1.46063, -0.0352282, 0.360154, -0.00300189
7.94352, 0.0036164, -1.01052, -0.0380745, 0.358633, -5.12951e-05
7.92283, 0.0933059, -0.582775, -0.0428781, 0.358893, 0.00843262
7.81603, 0.0348118, -0.858253, -0.0417035, 0.352414, 0.00947299
7.74172, 0.0235622, -0.935425, -0.0381647, 0.348278, 0.00240658
7.71855, 0.0354612, -0.895556, -0.0395542, 0.348243, -0.00266158
7.67881, 0.0621328, -0.75989, -0.0402186, 0.346898, -0.00121368
7.696, 0.1181, -0.311055, -0.0436675, 0.345372, 0.000691128
7.64459, 0.0992265, -0.0986393, -0.043845, 0.344189, -0.00231325
7.66223, 0.0700195, -0.0816827, -0.039041, 0.346368, -0.00402768
7.7085, 0.0240248, -0.17316, -0.0355117, 0.348233, -0.00659346
7.6495, 0.0146213, -0.55653, -0.0298959, 0.347839, -0.0059038
7.6327, 0.028353, -0.716644, -0.0338592, 0.348068, -0.00408915
7.6931, -0.0127442, -0.673888, -0.0380409, 0.349738, -0.00548959
7.58758, -0.0339043, -0.816747, -0.0335545, 0.346307, -0.00641099
7.53931, -0.0534054, -0.808019, -0.031422, 0.344083, -0.00739305
7.46691, 0.00752639, -0.595773, -0.0324052, 0.340571, -0.000686835
7.3817, 0.0340912, -0.43807, -0.0369059, 0.338149, 0.0055723
7.28902, 0.0808909, -0.260612, -0.0403856, 0.333559, 0.00396306
7.13263, 0.0856461, 0.11947, -0.0399235, 0.322743, -0.00269446
7.02586, 0.0193008, -0.0886531, -0.035478, 0.319969, -0.00655425
6.85419, 0.0628712, -0.102927, -0.0355699, 0.309392, -0.0037024
6.72588, 0.140586, 0.191153, -0.0391395, 0.303414, 0.00447137
6.6275, 0.150835, 0.522986, -0.0443423, 0.301725, 0.00542655
6.49914, 0.144363, 0.440396, -0.0425056, 0.294831, 0.00208525
6.34395, 0.180162, 0.476827, -0.0450327, 0.288958, 0.00240748
6.19643, 0.189356, 0.460631, -0.0445315, 0.281682, 0.00324368
6.07668, 0.220703, 0.82361, -0.0489471, 0.27606, -0.00117877
5.97861, 0.228381, 0.946515, -0.045399, 0.272016, -0.00494162
5.87113, 0.289726, 1.19582, -0.0486819, 0.268176, -0.00629405
5.79055, 0.274171, 1.28736, -0.0513815, 0.265888, -0.00422224
5.63975, 0.26692, 1.49221, -0.0518374, 0.258186, 0.00321306
5.50775, 0.326495, 1.68435, -0.0514929, 0.25347, 0.0070646
5.42996, 0.339119, 1.80258, -0.0502275, 0.24933, 0.00833862
5.44735, 0.368847, 1.87168, -0.051949, 0.249675, 0.00610547
5.47407, 0.381982, 1.93833, -0.0528505, 0.249916, 0.00105675
5.37194, 0.361591, 1.95, -0.0517138, 0.244783, 0.00301048
5.34488, 0.380665, 2.08029, -0.050929, 0.24121, 0.00792329
5.37549, 0.340814, 1.79836, -0.0462728, 0.245682, 0.0123837
5.26705, 0.353122, 1.78955, -0.045509, 0.241345, 0.0118352
5.33645, 0.402444, 1.8787, -0.0452206, 0.243861, 0.0119863
5.32665, 0.384816, 2.01235, -0.0441281, 0.243522, 0.0109506
5.29461, 0.352704, 1.87892, -0.0411331, 0.243516, 0.0111776
5.25316, 0.325637, 1.46832, -0.0385997, 0.242484, 0.0118928
5.22655, 0.325494, 1.58512, -0.0411622, 0.239518, 0.0124162
5.13941, 0.381862, 2.0234, -0.0437367, 0.236737, 0.0120548
5.11368, 0.422541, 2.07814, -0.045801, 0.234333, 0.0134055
5.15657, 0.328777, 1.52321, -0.0426134, 0.238301, 0.0131876
5.13346, 0.330352, 1.15513, -0.0407835, 0.235822, 0.0116868
5.03284, 0.385292, 1.77089, -0.04, 0.226177, 0.00852504
5.01495, 0.367832, 1.96136, -0.0381131, 0.227267, 0.0107453
4.95376, 0.409165, 2.16031, -0.0414241, 0.223337, 0.0130697
4.81013, 0.477116, 2.41881, -0.0469226, 0.218, 0.0121505
4.72283, 0.541411, 2.8656, -0.0496654, 0.209709, 0.0109903
4.60633, 0.584172, 3.2846, -0.0508329, 0.204026, 0.00857803
4.42969, 0.739926, 4.61867, -0.0587967, 0.195252, 0.00911121
4.26334, 0.78355, 4.73998, -0.0586197, 0.189495, 0.0136112
4.23162, 0.724291, 4.18604, -0.0564933, 0.191671, 0.0144328
4.32447, 0.719958, 4.13089, -0.0576685, 0.195013, 0.0135975
4.21165, 0.794586, 4.85416, -0.0597268, 0.189946, 0.0112998
4.2535, 0.788736, 4.99368, -0.0538868, 0.186577, 0.00621868
4.18432, 0.73179, 4.70582, -0.0462587, 0.183349, 0.00291354
4.18376, 0.686312, 4.41482, -0.0434529, 0.189252, 0.00751394
4.16607, 0.721671, 4.47242, -0.0499835, 0.188992, 0.0127892
4.11876, 0.715648, 4.43819, -0.0549328, 0.187059, 0.0149653
4.12931, 0.791281, 4.70679, -0.0534835, 0.187709, 0.0151109
4.20724, 0.705025, 4.43729, -0.0484156, 0.188657, 0.0133151
4.19893, 0.668577, 4.25776, -0.0460107, 0.194026, 0.012655
4.21674, 0.735198, 4.54727, -0.0503715, 0.191624, 0.0167032
4.18801, 0.751745, 4.289, -0.0506709, 0.191417, 0.018265
4.09281, 0.691925, 3.96589, -0.0523742, 0.186442, 0.0168318
4.04785, 0.682219, 3.66973, -0.0532442, 0.185716, 0.0160513
3.98625, 0.673634, 3.44356, -0.0553806, 0.18265, 0.0134807
3.94497, 0.676899, 3.18754, -0.0550685, 0.177987, 0.00733543
3.92049, 0.659591, 3.04032, -0.0594109, 0.17803, 0.00364207
3.85721, 0.624855, 2.84336, -0.0582386, 0.175, 0.00293987
3.71145, 0.669106, 2.98941, -0.0627378, 0.165418, 0.00569929
3.6448, 0.714758, 3.22446, -0.0667617, 0.164075, 0.00862639
3.59438, 0.67411, 2.84471, -0.0664611, 0.163452, 0.00428958
3.61913, 0.589888, 2.00562, -0.0644564, 0.166938, -0.00281942
3.65792, 0.601039, 1.99197, -0.0625442, 0.171955, -0.00763834
3.7383, 0.590595, 2.41064, -0.065312, 0.175961, -0.0091111
3.77472, 0.55637, 2.35545, -0.0618846, 0.178674, -0.0110793
3.66308, 0.551953, 2.13508, -0.0543408, 0.174873, -0.00912488
3.7867, 0.517422, 1.87633, -0.0559144, 0.18445, -0.00696902
3.86819, 0.536166, 1.63655, -0.0619748, 0.18974, -0.00314312
3.97821, 0.496533, 1.37734, -0.0615326, 0.195916, -0.00209745
4.01404, 0.520976, 1.68684, -0.0635842, 0.196439, -0.00573206
4.09476, 0.479776, 1.54813, -0.0589973, 0.199074, -0.0109077
4.13608, 0.454497, 1.29706, -0.0570254, 0.202354, -0.0113316
4.08657, 0.333612, 0.537928, -0.0530663, 0.198884, -0.0107055
