# Trial: 3
# Angle[deg]: -10
# Timestamp: 20260308_204855

Fx [N], Fy [N], Fz [N], Mx [Nm], My [Nm], Mz [Nm]
2.82266, 0.0471645, -1.88713, -0.00716618, 0.138386, 0.00331373
2.80591, 0.00868738, -1.60359, -0.00683739, 0.136929, -0.000339971
2.84362, -0.012068, -1.49031, -0.00712313, 0.138544, -0.00352467
2.91776, -0.00566703, -1.33915, -0.00632749, 0.141322, -0.00435093
2.95185, -0.0419734, -1.12486, -0.00601689, 0.142233, -0.00509347
3.02175, -0.0162583, -1.05285, -0.00550134, 0.144171, -0.0043028
3.14613, -0.0309507, -1.04244, -0.00578878, 0.149208, -0.00201554
3.32475, -0.034496, -1.01211, -0.00779437, 0.157294, 0.00312471
3.48771, 0.0103421, -0.860393, -0.00815807, 0.163419, 0.0037772
3.74492, 0.0252481, -0.682446, -0.00767167, 0.177784, 0.00433704
4.15156, 0.0230062, -0.533008, -0.012455, 0.192577, 0.00438867
4.42911, 0.0786757, -0.660516, -0.0117642, 0.205972, 0.00406463
4.62973, 0.0971581, -0.789337, -0.0137959, 0.213644, 0.00194775
4.92052, 0.11145, -0.964646, -0.0133703, 0.228553, -0.0016289
5.24944, 0.112985, -0.877883, -0.0159689, 0.242219, -0.00221812
5.45354, 0.131988, -0.895089, -0.0153966, 0.251615, -0.00016202
5.77374, 0.13237, -1.78949, -0.0146786, 0.26721, 0.00303816
6.0423, 0.152694, -2.43395, -0.0157304, 0.2801, 0.00540113
6.32288, 0.239955, -2.32737, -0.0180053, 0.294434, 0.00711838
6.75162, 0.286946, -2.38374, -0.0204, 0.312375, 0.00748626
7.01339, 0.389513, -2.32163, -0.0216983, 0.324107, 0.00921674
7.18358, 0.494673, -2.32404, -0.0252171, 0.333546, 0.00887677
7.32429, 0.593308, -2.50485, -0.0293145, 0.342791, 0.00926035
7.38294, 0.637306, -2.74819, -0.0303929, 0.345653, 0.00836664
7.29736, 0.659186, -2.76686, -0.031863, 0.342074, 0.00736785
7.09723, 0.664991, -3.43244, -0.0275134, 0.332433, 0.00231935
6.70481, 0.633413, -3.3257, -0.0278175, 0.310008, -0.00136248
6.28778, 0.55234, -2.91954, -0.029201, 0.28966, -0.000862978
6.08435, 0.55254, -3.24188, -0.0303278, 0.282834, -0.00174968
6.02982, 0.536024, -3.7273, -0.0305096, 0.280033, -0.00414033
5.88851, 0.537505, -3.73512, -0.0277791, 0.273427, -0.00424258
5.87803, 0.567171, -3.79018, -0.0279263, 0.274433, -0.00546869
6.03932, 0.547096, -4.21169, -0.0249713, 0.281331, -0.00568698
6.16347, 0.554444, -4.3126, -0.0304307, 0.288607, -0.00647019
6.29802, 0.597765, -4.42907, -0.0300253, 0.2929, -0.00566223
6.44065, 0.631994, -4.85723, -0.0341467, 0.30148, -0.00197441
6.49918, 0.675129, -4.78481, -0.0359934, 0.304438, -0.000252747
6.36117, 0.644868, -5.19833, -0.0349743, 0.296553, -0.0032273
6.33018, 0.606524, -4.65349, -0.0341014, 0.292247, -0.00549773
6.29663, 0.56887, -4.98681, -0.0319637, 0.291556, -0.008281
6.4537, 0.564164, -5.7039, -0.02883, 0.299441, -0.00846234
6.47642, 0.514922, -5.93689, -0.0250641, 0.301773, -0.00922397
6.38953, 0.517017, -5.53835, -0.0233806, 0.300679, -0.00499743
6.44981, 0.512337, -5.30809, -0.0258008, 0.303334, 0.00258521
6.52157, 0.582463, -5.469, -0.0304453, 0.307343, 0.00446776
6.47769, 0.612431, -5.79944, -0.0310896, 0.305836, 0.00543581
6.35497, 0.615456, -5.6413, -0.0340514, 0.296591, 0.00161489
6.27294, 0.595234, -5.68392, -0.0334622, 0.292404, -0.0064259
6.18476, 0.537283, -5.62259, -0.0307336, 0.285331, -0.00936057
6.15169, 0.491898, -5.52339, -0.0284092, 0.283223, -0.00944881
6.04361, 0.502347, -5.30579, -0.0281737, 0.277356, -0.00732447
5.90962, 0.506012, -5.8048, -0.031394, 0.274478, -0.00474559
5.77969, 0.461975, -5.82864, -0.0276764, 0.268965, -0.00309861
5.66637, 0.409085, -5.18254, -0.0183591, 0.26223, -0.0042306
5.68659, 0.393583, -5.37213, -0.017284, 0.263368, -0.00597068
5.64162, 0.407435, -5.44394, -0.0178521, 0.263771, -0.00611304
5.63458, 0.44992, -5.80898, -0.016301, 0.266867, -0.00367325
5.66304, 0.403378, -5.72896, -0.0174141, 0.26565, -0.00433613
5.52824, 0.364727, -5.62468, -0.0162174, 0.258379, -0.00906217
5.47011, 0.339528, -5.29528, -0.0190529, 0.253098, -0.0113737
5.59509, 0.343865, -5.66335, -0.0180928, 0.259073, -0.0116581
5.62032, 0.312946, -5.71641, -0.0179789, 0.259693, -0.0109755
5.72444, 0.294254, -5.90614, -0.0172728, 0.266502, -0.0121764
5.8193, 0.306607, -5.78964, -0.0161651, 0.269178, -0.011709
5.95407, 0.284717, -5.92359, -0.0152581, 0.279624, -0.0104077
6.15803, 0.296389, -5.67933, -0.0152795, 0.287791, -0.00648657
6.33355, 0.292537, -5.53295, -0.0139118, 0.299311, -0.00204333
6.55641, 0.276555, -5.39216, -0.0122316, 0.306686, -0.00384589
6.69886, 0.316117, -5.39344, -0.0134246, 0.313839, -0.00389142
6.89603, 0.313933, -5.3561, -0.0159493, 0.322884, -0.000625484
7.00876, 0.34306, -4.83635, -0.0167029, 0.325254, 0.000526622
7.07011, 0.346396, -4.38633, -0.0223952, 0.327987, -0.00538181
7.14871, 0.33254, -4.37313, -0.0203129, 0.328962, -0.0105089
7.36572, 0.308426, -4.0079, -0.0194893, 0.338012, -0.0115212
7.48549, 0.336339, -4.16963, -0.018746, 0.341017, -0.0114799
7.56041, 0.313488, -4.07122, -0.0175352, 0.343374, -0.0114854
7.64727, 0.289241, -3.99972, -0.0204921, 0.348272, -0.0106822
7.81042, 0.301705, -4.22443, -0.0212687, 0.357171, -0.0102475
7.98386, 0.291318, -4.41499, -0.0202657, 0.365357, -0.0120235
8.12031, 0.287947, -4.93544, -0.0176118, 0.367505, -0.0129866
8.19907, 0.288983, -5.19566, -0.0187121, 0.374922, -0.0125917
8.39272, 0.248091, -5.23147, -0.0183525, 0.381224, -0.0117903
8.42139, 0.272053, -5.14948, -0.0206658, 0.382628, -0.00962823
8.48628, 0.271608, -5.34283, -0.0230625, 0.385597, -0.00490094
8.66337, 0.273263, -5.75917, -0.0221736, 0.396308, 0.00116939
8.9478, 0.267992, -5.43832, -0.0175554, 0.409284, 0.000559953
9.12971, 0.23427, -5.26961, -0.0181206, 0.418065, 0.000121007
9.26409, 0.272382, -5.24354, -0.0169954, 0.423079, 5.186e-05
9.28192, 0.285727, -5.06299, -0.0201977, 0.426541, 0.00245686
9.41018, 0.294793, -4.58872, -0.0196631, 0.428149, 0.00255255
9.38557, 0.269931, -4.36313, -0.0209823, 0.424554, -0.00546914
9.39922, 0.257886, -4.60086, -0.0201241, 0.425625, -0.0107928
9.48679, 0.267249, -4.6453, -0.0229355, 0.428873, -0.00944418
9.50177, 0.3063, -4.58258, -0.0216796, 0.429101, 0.000258283
9.45629, 0.312906, -4.31516, -0.0212878, 0.427368, -0.0013661
9.40638, 0.262521, -4.34961, -0.0236849, 0.424896, -0.00970438
9.33822, 0.263353, -4.00845, -0.0215288, 0.42001, -0.00966913
9.29359, 0.262298, -3.71135, -0.0217465, 0.416486, -0.00833353
9.28859, 0.25305, -3.55088, -0.020814, 0.41563, -0.00938475
9.3426, 0.224115, -3.4089, -0.0201755, 0.417941, -0.0106906
9.36277, 0.196767, -2.98893, -0.0176608, 0.419568, -0.012046
9.45836, 0.198097, -3.09663, -0.0159239, 0.422434, -0.0120562
9.37417, 0.190517, -2.92382, -0.0169657, 0.419275, -0.0095688
9.3785, 0.196256, -2.75413, -0.0158421, 0.421872, -0.00041183
9.549, 0.235075, -3.03106, -0.014491, 0.431114, 0.00147852
9.59521, 0.17909, -3.55991, -0.0131717, 0.435453, 0.000928848
9.56537, 0.212158, -3.49883, -0.0122222, 0.433396, -0.00101867
9.55285, 0.215908, -4.03668, -0.0101214, 0.433644, -0.00192436
9.6682, 0.18344, -4.58711, -0.0140154, 0.440546, -0.00508262
9.60956, 0.223465, -4.20634, -0.0160488, 0.436991, -0.00962337
9.71202, 0.248749, -4.48781, -0.0168846, 0.439933, -0.0129709
9.70953, 0.182684, -5.01672, -0.014356, 0.439072, -0.0143459
9.7742, 0.153535, -4.6846, -0.0134588, 0.441665, -0.0134147
9.78559, 0.14858, -4.64763, -0.0119727, 0.442713, -0.0123285
9.92046, 0.180291, -4.75747, -0.0153214, 0.449698, -0.003678
9.93543, 0.155399, -5.0167, -0.0161693, 0.450776, -0.00302426
9.99285, 0.15494, -4.91741, -0.0133824, 0.454061, -0.0118295
10.0224, 0.171781, -4.76256, -0.0150044, 0.45381, -0.00861735
10.1312, 0.180051, -4.54867, -0.0129044, 0.461069, 0.000436799
10.1922, 0.201758, -4.59426, -0.0176146, 0.461955, 0.000661752
10.1, 0.189196, -4.58943, -0.0192508, 0.453567, -0.00444494
9.90216, 0.186594, -4.46022, -0.0147096, 0.444795, -0.0118991
9.76878, 0.164517, -4.36968, -0.0143415, 0.437798, -0.0119074
9.7575, 0.156048, -4.7578, -0.0141859, 0.439658, -0.00553422
9.75197, 0.156466, -4.78612, -0.0128702, 0.442563, 0.00249165
9.64243, 0.185273, -4.66747, -0.0147408, 0.438356, 0.00467938
9.56428, 0.222109, -5.19311, -0.016572, 0.435664, 0.00763167
9.38745, 0.27228, -4.52039, -0.0201673, 0.427398, 0.00845398
9.23965, 0.259465, -4.18809, -0.0183643, 0.421862, 0.00827964
9.10056, 0.252935, -3.94032, -0.0159851, 0.415332, 0.00377177
8.99326, 0.243558, -4.14605, -0.0155155, 0.405671, -0.0066991
8.82314, 0.222469, -3.79753, -0.0161277, 0.39699, -0.00863487
8.68514, 0.20424, -3.74464, -0.0141586, 0.390645, -0.0108157
8.56256, 0.118861, -3.80795, -0.0117409, 0.382552, -0.0132233
8.52542, 0.100098, -3.65501, -0.00804723, 0.381353, -0.0133472
8.40128, 0.0559631, -3.46636, -0.00795199, 0.375731, -0.0137256
8.27267, 0.0135048, -3.07185, -0.00653007, 0.368485, -0.0145576
8.14012, -0.0426006, -2.58552, -0.00474401, 0.363366, -0.0129381
8.02352, -0.0606471, -2.43191, -0.00174912, 0.357337, -0.0128138
7.95408, -0.0923362, -2.60253, -0.00182651, 0.354822, -0.013853
7.83017, -0.0930879, -1.70636, 0.000384374, 0.345753, -0.0145446
7.63177, -0.149554, -1.20235, 0.00041296, 0.338016, -0.0133045
7.4708, -0.160194, -1.51418, 0.00222162, 0.330975, -0.0129078
7.2935, -0.179655, -1.68336, 0.00290891, 0.324412, -0.0130887
7.07524, -0.210352, -1.34922, 0.00196481, 0.312615, -0.0116014
6.84491, -0.198849, -0.732764, 0.00260475, 0.301179, -0.00512759
6.70001, -0.213532, -1.22803, 0.00280236, 0.302019, 0.00106183
6.62439, -0.176452, -0.724562, 0.00101912, 0.296723, 0.00301794
6.44054, -0.124461, -0.545405, 0.000792702, 0.28967, 0.00228467
6.16216, -0.127913, -0.672144, 0.000206875, 0.275096, -0.00099325
5.88293, -0.151965, -0.991335, 0.000909528, 0.262365, -0.00916239
5.73589, -0.169927, -0.473349, -0.00123108, 0.253666, -0.0115098
5.53486, -0.187644, -0.598108, 0.00131153, 0.245745, -0.0125213
5.28684, -0.194739, -0.704113, -0.000114906, 0.234522, -0.0123342
5.09102, -0.200477, -1.32896, 0.000481993, 0.231385, -0.0111239
4.93471, -0.169411, -1.95234, -0.00058255, 0.222382, -0.00817118
4.80709, -0.146529, -2.22711, -0.00149321, 0.217879, -0.00557829
4.67185, -0.119488, -1.32101, -0.00203553, 0.208333, -0.00472039
4.69282, -0.14249, -0.870935, -0.000499167, 0.209053, -0.00248781
4.62656, -0.143664, -0.00970602, -0.00144474, 0.207028, -0.00106884
4.54927, -0.135853, 0.207194, 0.000803322, 0.204355, 0.000300992
4.52987, -0.102145, 0.124288, 0.00251934, 0.202344, -0.00248442
4.45508, -0.120195, 0.257098, 0.00340322, 0.198782, -0.00482716
4.36603, -0.156155, 1.0854, 0.00334435, 0.19365, -0.000894049
4.31353, -0.143184, 1.12276, 0.00536723, 0.193232, 0.000301218
4.15115, -0.200446, 1.33125, 0.00637472, 0.186895, 0.00160924
4.04673, -0.19025, 1.80673, 0.00687773, 0.184652, 0.00200175
4.02, -0.208244, 1.59026, 0.0115843, 0.182796, -0.000695196
3.95925, -0.228625, 1.68691, 0.0113897, 0.179668, -0.00316177
3.86221, -0.254332, 2.20339, 0.0109216, 0.174378, -0.00703421
3.75961, -0.224586, 2.4685, 0.00905562, 0.169754, -0.0110605
3.69433, -0.208893, 2.36134, 0.00722775, 0.165205, -0.0108893
3.58287, -0.231187, 2.61951, 0.00577025, 0.16133, -0.0130312
3.5929, -0.19424, 2.41248, 0.0059465, 0.163744, -0.0138257
3.50001, -0.222247, 3.00706, 0.00726775, 0.156759, -0.0111542
3.27875, -0.301331, 3.73624, 0.00989679, 0.14645, -0.00929413
3.24131, -0.294846, 3.58798, 0.0169936, 0.1441, -0.00639087
3.21062, -0.351788, 1.96899, 0.0170273, 0.148546, -0.0043933
3.19767, -0.274135, 1.18192, 0.0163993, 0.1476, -0.00294405
3.081, -0.283908, 1.35542, 0.0182108, 0.146176, -0.000159761
3.13962, -0.335654, 1.59016, 0.0165004, 0.146057, 0.00207982
3.21811, -0.364674, 1.49154, 0.0152976, 0.152134, 0.00268
3.14342, -0.339706, 1.96868, 0.0143984, 0.145948, 0.00496839
3.01621, -0.34971, 2.58676, 0.0115719, 0.140703, 0.00477033
2.94747, -0.295887, 1.72365, 0.00500082, 0.139878, 0.00214061
2.87288, -0.291688, 1.31443, 0.00741361, 0.132374, -0.005655
2.7392, -0.334577, 1.74829, 0.0124556, 0.126661, -0.0127876
2.83531, -0.316482, 1.70044, 0.0100015, 0.132919, -0.0148791
2.84088, -0.244545, 0.554333, 0.00693682, 0.131075, -0.0139687
2.68863, -0.251903, 0.0633204, 0.00670395, 0.128721, -0.0129725
2.71271, -0.238563, 0.349564, 0.00659775, 0.126726, -0.0133046
2.66964, -0.248015, -0.159558, 0.00649776, 0.126464, -0.0120576
2.62667, -0.225107, -0.821235, 0.00600548, 0.122484, -0.011187
2.63153, -0.273179, -0.255742, 0.00699738, 0.125036, -0.00998187
2.62506, -0.30606, 0.289317, 0.00740118, 0.123997, -0.011603
2.64009, -0.273557, 0.0741163, 0.00699851, 0.124274, -0.0116076
2.74019, -0.256894, -0.419329, 0.00734695, 0.12774, -0.0119887
2.89367, -0.303631, -0.0969134, 0.00820993, 0.13566, -0.0112929
2.86108, -0.288187, -0.253993, 0.00817242, 0.139204, -0.00665594
2.77112, -0.279927, -0.767002, 0.00833297, 0.133853, -0.000424597
2.811, -0.260675, -0.909305, 0.00749315, 0.135759, 0.00111211
2.87693, -0.231036, -1.14266, 0.00908025, 0.138392, 0.000848629
2.87058, -0.254572, -1.08898, 0.00724188, 0.134017, 0.000642997
2.85032, -0.209725, -1.57204, 0.00494896, 0.141016, 0.00220942
2.91889, -0.151747, -1.15069, 0.00432257, 0.140202, 0.00323283
2.89377, -0.150123, -0.702841, 0.0051642, 0.139679, 0.00307601
3.08781, -0.198386, -0.508018, 0.00130384, 0.148321, 0.00230986
3.01908, -0.155946, -0.731835, 0.00135469, 0.144408, 0.00208807
2.99637, -0.133042, -0.870824, -0.000169025, 0.14335, -0.00270633
3.09069, -0.147352, -0.981949, 0.00215101, 0.14758, -0.00647911
3.06454, -0.130644, -1.31096, 0.00469542, 0.147203, -0.00439398
3.07568, -0.194192, -1.2903, 0.00494614, 0.147713, -0.00172901
3.08772, -0.168361, -1.60059, 0.00498647, 0.15192, 0.00210061
3.09216, -0.141885, -1.94966, 0.00296099, 0.152358, 0.0028027
3.01922, -0.121032, -1.81471, 0.00483824, 0.146958, 0.00265548
3.0267, -0.152374, -1.06135, 0.00293071, 0.144969, 0.00388419
3.04791, -0.163223, -0.890721, 0.00511686, 0.145429, 0.00410463
2.98245, -0.156729, -1.14339, 0.0042045, 0.143294, 0.00186561
2.96411, -0.152957, -1.42666, 0.00217631, 0.143267, -0.00392792
2.9204, -0.138753, -2.18884, 0.00183352, 0.142741, -0.00502658
2.83087, -0.139341, -1.84007, 0.00269469, 0.136182, -0.00642861
2.83514, -0.172418, -1.21309, 0.0036093, 0.134997, -0.00668305
2.852, -0.199303, -0.959468, 0.00534949, 0.134172, -0.00401141
2.78651, -0.189018, -0.589269, 0.002968, 0.131924, -0.00070028
2.74255, -0.207768, 0.111375, 0.00462379, 0.12833, 0.000842867
2.67704, -0.177155, -0.417225, 0.00166867, 0.128165, 0.000983081
2.77083, -0.173392, -1.01791, -0.000207214, 0.134419, 0.00129718
2.7115, -0.173587, -0.201963, 0.00169206, 0.128594, 0.001494
2.69105, -0.186002, -0.0864645, 0.00182132, 0.12779, 0.000303477
2.73129, -0.184712, -0.0140786, 0.00232308, 0.128772, 0.00122848
2.62199, -0.208008, 0.703193, 0.00372341, 0.124338, 0.00114228
2.55068, -0.195215, 1.07842, 0.00266509, 0.12022, -0.000106658
2.60749, -0.165042, -0.055794, -0.000697907, 0.125958, -0.00512047
2.56659, -0.22109, -0.171982, 0.0043393, 0.124439, -0.00616569
2.46297, -0.18272, -0.0182199, 0.00439375, 0.120886, -0.00493506
2.46194, -0.165131, -0.0420935, 0.00771415, 0.117318, -0.00240929
2.42406, -0.194249, -0.458594, 0.00634399, 0.119078, 0.00239178
2.37027, -0.193956, -0.430824, 0.00691512, 0.117053, 0.00296043
2.36398, -0.155608, -0.790502, 0.00478423, 0.117761, 0.00193532
2.28846, -0.197488, -1.23835, 0.00198367, 0.1133, 0.00153931
2.20714, -0.138793, -0.925871, 0.000458831, 0.108981, 0.000479734
2.22578, -0.174588, -1.35129, 0.00075745, 0.113171, -0.00424111
2.24244, -0.188778, -1.5314, 0.0034031, 0.111968, -0.0058342
2.17402, -0.133909, -1.83535, 0.00334537, 0.109395, -0.00537333
2.09316, -0.128518, -2.1637, 0.00528272, 0.10702, -0.00286078
2.08856, -0.119711, -2.5296, 0.00382589, 0.107438, -0.0012112
2.02521, -0.102434, -2.24915, 0.0043715, 0.106213, 0.00153874
1.95534, -0.0888755, -2.15865, 0.00331091, 0.103322, 0.00236432
1.95524, -0.106686, -2.41937, 0.00307646, 0.101898, 0.00112194
1.99953, -0.0881638, -2.75362, 0.0035049, 0.10512, -0.00160246
2.04247, -0.0915222, -2.38893, 0.00369506, 0.10289, -0.00432687
2.00714, -0.053868, -2.54129, 0.00237166, 0.104065, -0.00409559
1.91218, -0.0733957, -2.65716, 0.000657007, 0.0996119, -0.00393899
1.91771, -0.0944224, -2.48651, 0.0016959, 0.0984877, -0.0037337
1.97701, -0.104809, -1.91296, 0.0028375, 0.0993001, -0.00328244
1.92093, -0.152329, -1.4479, 0.0025834, 0.095325, -0.00457735
1.91104, -0.0869805, -2.0399, 0.00129515, 0.0972886, -0.004978
1.93958, -0.0731777, -2.42566, -0.00116781, 0.0993828, -0.00501709
1.98875, -0.0639654, -2.74893, -0.00214931, 0.102405, -0.00539299
1.92081, -0.0276412, -2.87352, -0.00113358, 0.0981707, -0.00505087
1.85155, -0.0420357, -3.20574, -0.00126701, 0.0952223, -0.00645494
1.85649, -0.055972, -3.16122, -0.000922295, 0.0957594, -0.00679321
1.89605, -0.0549533, -3.21468, -0.00146609, 0.0961786, -0.00625868
1.81368, 0.00804238, -3.52542, -0.0016672, 0.0939218, -0.00344886
1.80704, 0.0163205, -3.46113, -0.00491789, 0.0947328, -0.00114544
1.72802, 0.0534231, -3.63039, -0.00569387, 0.0922798, -0.000311047
1.7305, 0.0334017, -4.04476, -0.00881316, 0.0916, -0.00255188
1.70202, 0.0436548, -4.45734, -0.00790849, 0.0894862, -0.0035571
1.57598, 0.0685026, -4.41457, -0.00956575, 0.0826664, -0.00620038
1.58104, 0.0604958, -4.34372, -0.00863023, 0.0831911, -0.00718301
1.66445, 0.0156044, -3.84137, -0.00870842, 0.0880665, -0.00587781
1.57433, 0.00936795, -3.58988, -0.00972991, 0.0822841, -0.00564789
1.5471, 0.0139496, -3.94639, -0.00837172, 0.0810439, -0.00417592
1.55218, 0.0106268, -3.45283, -0.00735576, 0.0811897, -0.0032412
1.60391, -0.0133891, -2.93535, -0.00844901, 0.0830085, -0.00495732
1.59468, -0.00859396, -3.0326, -0.00864492, 0.0820957, -0.00364568
1.59627, -0.00158802, -3.3027, -0.00624591, 0.0825635, -0.00550236
1.65575, -0.0613855, -2.60413, -0.00388815, 0.0871085, -0.00559648
1.72702, -0.0540904, -2.31523, -0.00203474, 0.0881122, -0.00306381
1.70568, -0.0776393, -2.51144, -0.00515877, 0.0885817, -0.00185419
1.70581, -0.0370092, -2.43077, -0.00491495, 0.0889778, -0.0015932
1.75663, -0.0731154, -2.17432, -0.0072073, 0.0893785, -0.00471068
1.73225, -0.0758867, -2.1401, -0.005407, 0.0895201, -0.00678847
1.76698, -0.0896584, -1.61172, -0.00376951, 0.0900479, -0.00695241
1.81155, -0.0851123, -1.73791, -0.00376172, 0.0907125, -0.00762083
1.79307, -0.0982657, -1.83607, -0.00236003, 0.0885861, -0.00772692
1.76768, -0.101268, -1.72027, -0.00236748, 0.0891741, -0.00844878
1.73534, -0.128651, -1.87058, -0.000609101, 0.0881326, -0.00695851
1.79393, -0.0739339, -2.83525, 0.000486852, 0.0938023, -0.00360117
1.80253, -0.0690231, -2.60982, -0.00177748, 0.0935059, -0.00155038
1.76723, -0.0678576, -2.46522, -0.00301624, 0.0928704, -0.000104624
1.70149, -0.0807886, -2.36773, -0.00389199, 0.088459, -0.00163659
1.74075, -0.0733289, -2.30042, -0.00151016, 0.0881024, -0.00651572
1.74579, -0.102905, -1.82797, -0.00548044, 0.0876806, -0.00839997
1.71736, -0.0703041, -1.92617, -0.0042854, 0.0851921, -0.00835794
1.63472, -0.0820786, -2.00646, -0.00228919, 0.0826546, -0.00883587
1.60062, -0.115414, -1.83579, -0.00110544, 0.0815785, -0.00881564
1.6011, -0.12286, -1.89808, -0.000944214, 0.0790615, -0.0086204
1.54618, -0.0940977, -1.57504, -0.00104364, 0.0769715, -0.00809243
1.53601, -0.110294, -1.26794, -0.00198627, 0.0804769, -0.00500263
1.59244, -0.119079, -1.48049, -0.00163851, 0.0789439, -0.00246861
1.54256, -0.114622, -1.2649, -0.00178448, 0.079064, -0.00186244
1.52618, -0.135577, -1.23908, -0.00306234, 0.078384, -0.00299252
1.51286, -0.0925986, -1.59864, -0.00125029, 0.0769392, -0.00464808
1.45396, -0.158806, -1.58993, 6.02209e-05, 0.0744371, -0.00579556
1.42543, -0.141996, -1.52546, 0.000816654, 0.0750586, -0.00397345
1.48425, -0.132886, -1.32752, -0.000145524, 0.079058, -0.00233122
1.53409, -0.142886, -1.20976, -0.000305285, 0.0805193, -0.000644465
1.58906, -0.101669, -1.61256, -0.00116069, 0.0839071, 0.000292179
1.63346, -0.120654, -1.56801, -0.00117346, 0.0844129, 0.000138858
1.57776, -0.138451, -1.13797, -0.00158009, 0.0819039, -3.26526e-05
1.61302, -0.111415, -1.26422, -0.000771347, 0.0817704, -0.000865012
1.62592, -0.134319, -1.45668, -0.00107595, 0.0843411, -0.00543355
1.62141, -0.121236, -1.16043, -0.000120894, 0.082991, -0.00484874
1.65854, -0.104569, -1.01461, -0.00511708, 0.0828013, -0.00115922
1.78975, -0.114568, -1.03927, -0.00328074, 0.0901375, 0.00179047
1.81109, -0.124248, -0.869489, -0.000303364, 0.0919325, 0.0010729
1.88043, -0.102491, -1.11174, -0.000885123, 0.0960221, 0.00128769
2.00858, -0.119315, -0.914888, -0.0011938, 0.101872, 0.00188606
2.12993, -0.145822, -0.71789, -0.00420371, 0.106923, 0.00294529
2.26028, -0.100072, -0.762821, -0.00246804, 0.110506, 0.00338977
2.41249, -0.110574, -0.970767, -0.00377505, 0.119701, 0.00254984
2.49962, -0.0841114, -0.747924, -0.00558879, 0.122442, 0.00230907
2.514, -0.055069, -1.00922, -0.0060335, 0.125712, 0.00108319
2.61717, -0.0833063, -0.947213, -0.0067296, 0.127884, 0.000805243
2.69172, -0.0804238, -0.947422, -0.00623857, 0.134111, 0.00118273
2.78401, -0.0658515, -1.17867, -0.00382431, 0.135543, 0.00297704
2.79352, -0.0760468, -1.4565, -0.00500579, 0.136976, 0.00301116
2.73718, -0.064299, -1.4568, -0.00740028, 0.134979, 0.00280722
2.7681, -0.028175, -1.73442, -0.00674034, 0.135664, 0.00301444
2.77934, -0.0321873, -1.82408, -0.00499065, 0.137479, 0.0027731
2.83857, -0.0164629, -2.0584, -0.00512081, 0.141099, 0.00171986
2.97691, -0.0133135, -2.78635, -0.00627665, 0.148467, 0.000112307
3.06132, 0.0042614, -3.09282, -0.00589747, 0.14941, -0.00166302
3.03864, 0.0189984, -2.61054, -0.00774669, 0.146907, -0.00294664
3.07084, -0.00103199, -2.68288, -0.00388261, 0.149515, -0.00412157
3.12308, -0.00705933, -2.57572, -0.00658464, 0.152434, -0.00368353
3.11615, 0.0176861, -2.95192, -0.00344491, 0.153905, -0.00406124
3.10075, -0.00959926, -3.14099, -0.00403706, 0.151919, -0.00536328
3.14434, -0.00642323, -2.91691, -0.00506285, 0.15164, -0.00485417
3.14459, -0.000822921, -2.61841, -0.0057507, 0.152919, -0.00144044
