# Trial: 2
# Angle[deg]: -20
# Timestamp: 20260306_192358

Fx [N], Fy [N], Fz [N], Mx [Nm], My [Nm], Mz [Nm]
0.0174993, 0.389936, 1.49212, -0.0202729, 0.00588877, -0.00775132
0.0457455, 0.358286, 1.48081, -0.020687, 0.00884253, -0.0100737
0.110547, 0.365061, 1.38098, -0.0196317, 0.0119293, -0.0112108
0.19666, 0.372405, 1.32693, -0.0170326, 0.0153414, -0.0114182
0.225169, 0.341103, 1.19885, -0.01719, 0.0184617, -0.0141335
0.295825, 0.361894, 1.19013, -0.0157034, 0.0213009, -0.0136
0.348643, 0.36696, 1.58073, -0.0216195, 0.0278702, -0.0157031
0.613708, 0.335921, 1.38245, -0.0181062, 0.0368881, -0.0163039
0.771771, 0.465271, 1.99698, -0.0225887, 0.0405383, -0.0178557
0.81499, 0.407088, 1.93368, -0.0241198, 0.0428972, -0.0182513
1.07998, 0.33294, 1.44908, -0.0214022, 0.0563203, -0.0183431
1.49311, 0.369545, 1.8595, -0.024145, 0.0733329, -0.0168842
1.59598, 0.431104, 2.32424, -0.0312228, 0.0775975, -0.015867
1.67843, 0.4523, 2.53942, -0.0336168, 0.0774275, -0.0148552
1.99639, 0.428929, 2.43238, -0.0331493, 0.0932189, -0.0124909
2.44094, 0.479861, 2.83267, -0.0396201, 0.118022, -0.0109972
2.76004, 0.509633, 2.97167, -0.0410876, 0.130434, -0.0133551
2.9772, 0.398552, 2.75459, -0.0413616, 0.138175, -0.014926
3.23526, 0.386595, 2.78259, -0.041734, 0.147525, -0.012234
3.6291, 0.461387, 3.01167, -0.0427027, 0.169086, -0.0130149
4.01529, 0.439822, 3.37716, -0.0412196, 0.185438, -0.0127952
4.17599, 0.381866, 3.04731, -0.0330282, 0.19176, -0.0118113
4.4075, 0.307999, 2.99891, -0.0256037, 0.201337, -0.0158244
4.68473, 0.353776, 3.56494, -0.0270782, 0.212826, -0.0213219
4.8265, 0.299872, 3.67122, -0.0286363, 0.218705, -0.0217538
4.94236, 0.248713, 3.18083, -0.0288733, 0.220698, -0.0191452
5.07102, 0.308898, 3.58943, -0.0331507, 0.225101, -0.0210502
5.12903, 0.308453, 3.82162, -0.0339675, 0.231639, -0.0209966
5.19954, 0.309111, 3.79604, -0.0335082, 0.230782, -0.0195169
5.19897, 0.264981, 3.7499, -0.0332731, 0.233361, -0.0210516
5.33489, 0.231392, 3.65153, -0.0304395, 0.243199, -0.0203987
5.41172, 0.265728, 4.03779, -0.0339528, 0.242016, -0.0182518
5.30694, 0.308199, 4.18837, -0.0325525, 0.233272, -0.011375
5.30982, 0.314044, 4.43308, -0.0285757, 0.232451, 0.000712821
5.40515, 0.260274, 3.92189, -0.019495, 0.240054, 0.00867893
5.40953, 0.28079, 3.92374, -0.0215728, 0.241326, 0.0111907
5.32893, 0.266658, 3.65602, -0.0178093, 0.234783, 0.010835
5.35864, 0.240769, 3.55257, -0.0147995, 0.236089, 0.00512409
5.4714, 0.257374, 4.01674, -0.0141511, 0.244725, 0.00444064
5.49019, 0.312746, 4.30791, -0.0181299, 0.243214, 0.0102172
5.44363, 0.30981, 3.86385, -0.0176259, 0.240598, 0.0137705
5.49599, 0.286808, 3.84456, -0.0197674, 0.243403, 0.0128805
5.44497, 0.290487, 3.8159, -0.0207163, 0.24135, 0.0108177
5.44744, 0.327069, 3.81465, -0.0236379, 0.239953, 0.0100286
5.51432, 0.367183, 4.15852, -0.0299245, 0.241717, 0.0057611
5.54264, 0.362526, 4.42903, -0.0333628, 0.245634, -0.000989069
5.59872, 0.35959, 4.27814, -0.0326826, 0.243939, 0.00040539
5.52796, 0.345298, 4.07472, -0.0216653, 0.239053, 0.0103868
5.54048, 0.386706, 4.25938, -0.0211494, 0.24211, 0.0167136
5.58819, 0.435912, 4.29133, -0.0213677, 0.244005, 0.0131183
5.48451, 0.375581, 4.29945, -0.0199479, 0.238475, 0.0109929
5.44953, 0.390065, 4.5281, -0.0168851, 0.238096, 0.00595441
5.52704, 0.447233, 5.15117, -0.0224389, 0.239962, 0.0033944
5.42786, 0.471841, 4.94334, -0.0277409, 0.23942, 0.0116134
5.36513, 0.452322, 4.39196, -0.029504, 0.234361, 0.0153763
5.40026, 0.469794, 4.55502, -0.03786, 0.237309, 0.00947796
5.45366, 0.556126, 4.91549, -0.041234, 0.242912, 0.00378612
5.44363, 0.530913, 4.70838, -0.0412912, 0.239374, 0.00218445
5.26766, 0.482356, 4.38669, -0.0378564, 0.230175, 0.0105819
5.22533, 0.467255, 4.36738, -0.0325621, 0.227587, 0.0174748
5.19801, 0.474505, 4.30455, -0.0290838, 0.229857, 0.016877
5.26832, 0.438185, 4.13181, -0.0264975, 0.232328, 0.0139107
5.28376, 0.436651, 4.16555, -0.0242016, 0.232874, 0.0113923
5.28093, 0.497329, 4.30014, -0.0283692, 0.229714, 0.0123882
5.25131, 0.535659, 4.52449, -0.0348431, 0.233431, 0.0142543
5.31675, 0.532781, 4.45894, -0.0388257, 0.235473, 0.0121445
5.35782, 0.536758, 4.22231, -0.0421969, 0.234863, 0.00871452
5.3441, 0.470061, 3.9976, -0.0404272, 0.233934, 0.00712912
5.34958, 0.499437, 4.09327, -0.0364341, 0.235911, 0.0133564
5.332, 0.466703, 3.84634, -0.029323, 0.234559, 0.0160275
5.29878, 0.432879, 3.84476, -0.0260894, 0.231418, 0.013337
5.30551, 0.413876, 3.80759, -0.0227081, 0.231949, 0.0113319
5.37081, 0.380728, 3.83387, -0.0208404, 0.23608, 0.010743
5.35604, 0.395803, 3.63707, -0.0214262, 0.237327, 0.0111772
5.38656, 0.384491, 3.41405, -0.0216042, 0.236709, 0.0121305
5.6222, 0.339377, 3.06477, -0.0257438, 0.248664, 0.0141129
5.71555, 0.347157, 2.93929, -0.027289, 0.253195, 0.0148951
5.76501, 0.383228, 2.87511, -0.0268977, 0.253166, 0.0135604
5.81073, 0.310339, 2.46338, -0.0262946, 0.258695, 0.0138758
5.89034, 0.315904, 2.21279, -0.0198425, 0.258799, 0.0133236
5.89255, 0.286675, 2.40946, -0.0157952, 0.257714, 0.0121012
5.93046, 0.312359, 2.72318, -0.0175654, 0.261338, 0.013179
5.93356, 0.310539, 2.40474, -0.016828, 0.259133, 0.0171569
5.85899, 0.3506, 2.15374, -0.0178368, 0.256191, 0.0167918
5.85645, 0.361049, 2.23319, -0.0205523, 0.254861, 0.0159465
5.85806, 0.416585, 2.5352, -0.0229651, 0.25593, 0.0140185
5.89057, 0.411176, 2.75523, -0.0227929, 0.258913, 0.0101339
5.8518, 0.382116, 2.89637, -0.0194856, 0.258784, 0.00703557
5.81789, 0.399584, 3.00269, -0.0174287, 0.255144, 0.00521176
5.74235, 0.391524, 2.98412, -0.0187599, 0.249681, 0.00406113
5.68079, 0.373335, 2.73728, -0.0179018, 0.246629, 0.00763032
5.70839, 0.375888, 2.72806, -0.0207396, 0.250013, 0.0081279
5.6885, 0.404134, 2.83439, -0.019854, 0.249319, 0.00678734
5.57504, 0.447104, 2.85703, -0.0236387, 0.238615, 0.00195995
5.47322, 0.389838, 2.67739, -0.0273672, 0.233991, 0.00105245
5.47862, 0.419134, 2.85551, -0.0326974, 0.23536, 0.00108917
5.40599, 0.47402, 3.11559, -0.0368618, 0.234522, 0.00211236
5.27428, 0.480368, 3.25361, -0.0358821, 0.227623, 0.00505675
5.32211, 0.478504, 3.03408, -0.0349186, 0.228573, 0.00979104
5.34803, 0.482788, 3.15186, -0.0338453, 0.230314, 0.0113055
5.24083, 0.491911, 3.23953, -0.0367431, 0.22565, 0.00911855
5.20523, 0.481151, 2.89358, -0.0350496, 0.229573, 0.00289467
5.36473, 0.407426, 2.3729, -0.0340428, 0.242656, 0.00243381
5.45407, 0.405567, 2.38963, -0.0320667, 0.243652, 0.0108104
5.33949, 0.442567, 2.32354, -0.0299612, 0.234624, 0.0156267
5.28338, 0.405019, 2.08291, -0.0265019, 0.231366, 0.0157465
5.37772, 0.340098, 1.54175, -0.0250812, 0.237057, 0.0117887
5.38991, 0.342326, 1.3793, -0.0214495, 0.238717, 0.0100291
5.45228, 0.336601, 1.48491, -0.0228659, 0.241064, 0.00859295
5.51798, 0.379843, 1.77203, -0.0278121, 0.244789, 0.0106453
5.53155, 0.38172, 1.71863, -0.0301351, 0.243295, 0.0113127
5.47627, 0.410598, 1.86213, -0.031019, 0.241095, 0.0114869
5.50549, 0.397431, 1.88178, -0.0257686, 0.241783, 0.0126026
5.48726, 0.368442, 1.7303, -0.0243019, 0.241908, 0.0130064
5.41386, 0.368193, 1.59545, -0.0229539, 0.238812, 0.0117844
5.24378, 0.376364, 1.48071, -0.0265905, 0.231241, 0.013134
5.28386, 0.373633, 0.99718, -0.0274585, 0.233969, 0.0136424
5.22904, 0.416936, 1.20887, -0.032308, 0.23144, 0.0107829
5.12913, 0.448977, 1.48029, -0.035706, 0.225291, 0.00408169
5.05021, 0.482917, 1.96822, -0.0377899, 0.221968, -0.00085812
5.07834, 0.490239, 1.94695, -0.0379898, 0.222363, -0.00427681
4.94198, 0.476725, 2.011, -0.0351861, 0.214952, -0.00426687
4.79628, 0.457998, 1.82342, -0.0316743, 0.207854, -0.0053513
4.71603, 0.394744, 1.68191, -0.0272063, 0.205935, -0.00483982
4.70093, 0.381724, 1.75571, -0.0216541, 0.20403, -0.00363822
4.58145, 0.363184, 1.42829, -0.0186791, 0.2017, -0.00052425
4.54836, 0.339902, 1.45805, -0.0181556, 0.198996, 0.00209779
4.47257, 0.425094, 1.87948, -0.0196107, 0.195908, 0.00285524
4.46302, 0.446001, 2.10452, -0.0193357, 0.193586, 0.00395187
4.45835, 0.432741, 2.07782, -0.0189751, 0.195444, 0.00412654
4.46247, 0.400758, 2.06977, -0.0206642, 0.195573, 0.00523188
4.42658, 0.439596, 2.43799, -0.0222109, 0.191152, 0.0063659
4.40897, 0.456881, 2.25112, -0.0204373, 0.191388, 0.00742118
4.42972, 0.463518, 2.2612, -0.0198546, 0.192318, 0.00868718
4.44172, 0.46197, 2.28842, -0.0240207, 0.19485, 0.00993114
4.4803, 0.458687, 2.26983, -0.0251308, 0.19736, 0.0096593
4.46777, 0.447802, 2.24327, -0.022152, 0.193954, 0.00919663
4.43156, 0.449502, 2.4219, -0.0233837, 0.193619, 0.00873621
4.48068, 0.458109, 2.45098, -0.0253853, 0.197473, 0.011894
4.4422, 0.461343, 2.10988, -0.0242972, 0.193837, 0.0105185
4.39269, 0.417697, 1.92988, -0.0240249, 0.189898, 0.00887078
4.41043, 0.426077, 2.0626, -0.0254827, 0.19322, 0.00769958
4.48686, 0.483544, 2.19441, -0.0276855, 0.198909, 0.00625891
4.39408, 0.45153, 2.05873, -0.0251623, 0.19161, 0.0034501
4.32063, 0.420606, 1.8446, -0.0249718, 0.186326, 0.00353191
4.29055, 0.412097, 1.69649, -0.0214252, 0.187919, 0.00738288
4.24824, 0.383739, 1.74519, -0.0204335, 0.186817, 0.0110877
4.2116, 0.376796, 1.59426, -0.0173861, 0.185809, 0.011792
4.13527, 0.370568, 1.60185, -0.0192078, 0.183027, 0.0101558
4.09036, 0.359843, 1.38754, -0.0206036, 0.181395, 0.0107319
4.0865, 0.362486, 0.984992, -0.0205881, 0.180623, 0.011151
4.01997, 0.350044, 1.04804, -0.0235257, 0.177718, 0.011524
3.97632, 0.394246, 1.1431, -0.0268272, 0.175668, 0.0082819
4.00018, 0.439818, 1.16004, -0.027582, 0.178162, 0.00781878
3.98162, 0.389397, 1.1224, -0.0315532, 0.176803, 0.00609677
3.96119, 0.423706, 1.11165, -0.0313757, 0.176281, 0.0042045
3.96282, 0.387992, 1.07484, -0.0284568, 0.173764, 0.00234771
3.88446, 0.383486, 1.19107, -0.0266276, 0.169197, 0.00126882
3.87866, 0.362192, 1.27257, -0.0209226, 0.171497, 0.00137977
3.90762, 0.312399, 1.22203, -0.017161, 0.169854, 0.00394938
3.8387, 0.327118, 1.20714, -0.0184671, 0.169204, 0.00720267
3.83507, 0.334947, 1.12919, -0.0186276, 0.168813, 0.010076
3.87441, 0.371284, 1.29814, -0.0179516, 0.169905, 0.0090528
3.89519, 0.372899, 1.45778, -0.0150968, 0.170955, 0.00708437
3.87907, 0.376115, 1.58921, -0.0145216, 0.171121, 0.00384759
3.77513, 0.391426, 1.56172, -0.0139861, 0.166581, 0.00252917
3.72629, 0.382801, 1.54868, -0.0161125, 0.165706, 0.00783505
3.74156, 0.385163, 1.26631, -0.0192124, 0.165876, 0.0128943
3.75179, 0.446139, 1.5251, -0.0246722, 0.167144, 0.0131941
3.76488, 0.432314, 1.72069, -0.0256216, 0.167702, 0.0118182
3.76064, 0.440868, 1.54991, -0.0247465, 0.167034, 0.0109865
3.8337, 0.422172, 1.5576, -0.0258214, 0.166898, 0.00993385
3.77682, 0.452549, 1.64654, -0.0284979, 0.166959, 0.00967274
3.78531, 0.407422, 1.32314, -0.0306284, 0.167846, 0.00879293
3.86147, 0.413898, 1.13564, -0.0290724, 0.170515, 0.00960563
3.91367, 0.365404, 0.832445, -0.0268783, 0.173692, 0.0107941
3.93241, 0.352037, 0.584181, -0.0237034, 0.174561, 0.0130185
3.9193, 0.337389, 0.325103, -0.0223307, 0.174186, 0.013339
3.97615, 0.357739, 0.512231, -0.0249686, 0.177458, 0.0132567
4.05192, 0.429543, 0.832098, -0.0277672, 0.179091, 0.0116842
4.03725, 0.4267, 0.786481, -0.0270151, 0.179131, 0.0106063
4.03192, 0.468932, 0.910862, -0.0267483, 0.177501, 0.0095758
3.96587, 0.41074, 0.88178, -0.027409, 0.173896, 0.0065599
3.95322, 0.459773, 0.921013, -0.0275736, 0.176824, 0.00103438
4.019, 0.41856, 0.845162, -0.0299552, 0.181273, -0.00278847
4.06389, 0.445458, 0.675654, -0.03071, 0.181331, -0.0017037
4.01536, 0.440329, 0.761971, -0.0327917, 0.177457, 0.00431715
4.01982, 0.47132, 0.925163, -0.0344759, 0.17735, 0.00687761
4.00398, 0.46979, 0.744512, -0.0352648, 0.179214, 0.00541762
4.0834, 0.474252, 0.706346, -0.0337321, 0.182409, 0.0031525
4.10621, 0.415477, 0.487659, -0.0344886, 0.183109, -0.000923538
4.1587, 0.40913, 0.0766295, -0.0320399, 0.188499, 0.000182358
4.29325, 0.389646, -0.045572, -0.0334331, 0.195229, 0.00460617
4.30004, 0.402889, -0.0776126, -0.0335339, 0.194402, 0.0087117
4.22196, 0.415704, -0.0941422, -0.0327907, 0.190291, 0.00960303
4.3074, 0.37168, -0.355244, -0.030832, 0.194089, 0.00811977
4.4833, 0.355653, -0.622048, -0.030424, 0.205235, 0.00169059
4.57648, 0.34032, -0.556593, -0.0275947, 0.207361, -0.00502737
4.59184, 0.330965, -0.512431, -0.0264305, 0.205534, -0.00598808
4.63928, 0.366996, -0.341094, -0.0299026, 0.207426, -0.00371573
4.74195, 0.404259, -0.258864, -0.0328918, 0.213718, -0.000552835
4.76254, 0.41058, -0.0946404, -0.0333373, 0.215219, 0.00296495
4.74177, 0.428911, -0.175384, -0.0279253, 0.211897, 0.00175047
4.78654, 0.407635, -0.043299, -0.02563, 0.216694, -0.000648307
4.8978, 0.378272, 0.0467152, -0.0224599, 0.220992, -0.000145411
4.91454, 0.367828, 0.121227, -0.0215638, 0.218702, 0.00264091
4.85063, 0.397213, 0.210837, -0.020624, 0.217061, 0.00237709
4.93295, 0.360364, 0.205374, -0.0196, 0.222328, -0.00320086
5.03158, 0.37503, 0.227802, -0.0244269, 0.227801, -0.00644014
4.96398, 0.419961, 0.123443, -0.0246004, 0.220133, -0.0036067
4.92758, 0.419561, 0.0842182, -0.0307792, 0.21911, 0.00313183
4.95939, 0.422412, -0.0199369, -0.0302524, 0.223204, 0.00699726
4.9477, 0.385207, -0.214689, -0.0275979, 0.224009, 0.00884999
4.87949, 0.41038, -0.312981, -0.0264587, 0.220227, 0.00854764
4.82362, 0.404579, -0.322825, -0.0277768, 0.217495, 0.00740932
4.83838, 0.373891, -0.396639, -0.0266201, 0.217648, 0.00480287
4.80438, 0.367085, -0.44395, -0.0310779, 0.217038, 0.00260498
4.76269, 0.388423, -0.329195, -0.0325873, 0.215574, 0.000924668
4.74502, 0.413636, -0.132819, -0.0356172, 0.215586, 0.000777223
4.78888, 0.429845, -0.0617146, -0.0362311, 0.216958, 0.000605712
4.70063, 0.446944, 0.0571463, -0.0361958, 0.211606, 0.002653
4.62519, 0.424004, -0.0029892, -0.0325321, 0.205564, 0.00404802
4.58804, 0.370826, 0.174993, -0.0274503, 0.20394, 0.00155524
4.50236, 0.38051, 0.203644, -0.0233664, 0.203632, 0.00257865
4.46963, 0.367859, 0.277614, -0.0219371, 0.199269, 0.00438562
4.34785, 0.376093, 0.0300878, -0.0217375, 0.194254, 0.00712279
4.29172, 0.41554, 0.121801, -0.0253385, 0.191624, 0.00983725
4.24424, 0.449035, 0.417408, -0.0287552, 0.188108, 0.0102248
4.1676, 0.441597, 0.505229, -0.0305902, 0.183529, 0.00806181
4.14778, 0.440797, 0.521265, -0.0292908, 0.182129, 0.00568235
4.0859, 0.472632, 0.709318, -0.0321998, 0.180596, 0.00597724
4.0268, 0.457913, 0.612302, -0.0328491, 0.178077, 0.00725024
3.92975, 0.462268, 0.641487, -0.0314161, 0.170775, 0.00872209
3.89038, 0.445151, 0.669284, -0.0313257, 0.172605, 0.00962009
3.94326, 0.445058, 0.588767, -0.0339645, 0.175547, 0.0104966
3.8648, 0.447242, 0.463785, -0.0333567, 0.172362, 0.0103621
3.80675, 0.443772, 0.276372, -0.0323233, 0.168646, 0.0104404
3.80941, 0.458603, 0.580101, -0.0341987, 0.169735, 0.010083
3.8788, 0.479674, 0.587837, -0.0334846, 0.172735, 0.0091912
3.85626, 0.491199, 0.532888, -0.0366902, 0.173459, 0.00842257
3.8699, 0.504193, 0.549676, -0.0378416, 0.170749, 0.00731678
3.81137, 0.49539, 0.645121, -0.0409981, 0.172049, 0.00438359
3.8799, 0.496822, 0.759218, -0.0405245, 0.171484, 0.002003
3.83035, 0.493561, 0.481827, -0.0343213, 0.170948, 0.00106036
3.85669, 0.413467, 0.153179, -0.0275773, 0.170452, 0.00256283
3.80602, 0.374407, -0.209809, -0.0256932, 0.170132, 0.00637946
3.7693, 0.403845, -0.225836, -0.0299565, 0.169078, 0.00902365
3.77118, 0.42098, 0.0790316, -0.0338776, 0.165715, 0.00991125
3.73906, 0.443074, 0.238416, -0.0356422, 0.165167, 0.00820936
3.73044, 0.426086, 0.113385, -0.0342948, 0.165606, 0.00828868
3.72713, 0.401341, -0.136569, -0.0330519, 0.167201, 0.00892704
3.75025, 0.401643, -0.477921, -0.0356716, 0.170852, 0.00854301
3.74091, 0.425997, -0.256502, -0.0397583, 0.168972, 0.00649719
3.7039, 0.471632, 0.0474047, -0.0420009, 0.165612, 0.00610367
3.73065, 0.48519, 0.242117, -0.0441792, 0.167767, 0.00426732
3.83056, 0.468171, -0.0994667, -0.0431993, 0.172721, 0.00331836
3.84261, 0.396483, -0.60337, -0.0397148, 0.17525, 6.02209e-05
3.81513, 0.409948, -0.604785, -0.0426323, 0.174683, -0.00106274
3.80568, 0.427269, -0.472023, -0.0405953, 0.17431, -0.00303873
3.88665, 0.417337, -0.238785, -0.0379334, 0.174324, -0.0028166
3.84283, 0.411283, -0.219119, -0.0307167, 0.174558, -0.0022223
3.86791, 0.366787, -0.339978, -0.026366, 0.176841, 0.00196707
3.91041, 0.373628, -0.703651, -0.025817, 0.177577, 0.00585013
3.83608, 0.34975, -0.676472, -0.0257839, 0.174483, 0.00561761
3.84023, 0.334938, -0.525371, -0.0257054, 0.173671, 0.00426416
3.89012, 0.343096, -0.454457, -0.0246117, 0.17542, 0.0036293
3.93922, 0.367961, -0.301589, -0.0253772, 0.177153, 0.00482027
3.88973, 0.377756, -0.318831, -0.0257298, 0.176266, 0.00542192
3.87118, 0.397818, -0.200984, -0.0246868, 0.172736, 0.00658238
3.84087, 0.396061, -0.102051, -0.0254528, 0.171454, 0.00696303
3.8701, 0.414872, -0.00467063, -0.0252445, 0.172549, 0.0059795
3.86329, 0.357512, -0.184317, -0.0207754, 0.172113, 0.00437376
3.85589, 0.393378, -0.0313244, -0.0244626, 0.17096, 0.00582911
3.83084, 0.440561, 0.131556, -0.0256636, 0.169861, 0.00789674
3.84138, 0.424432, 0.0156533, -0.025357, 0.171255, 0.00845454
3.84166, 0.419605, -0.0464928, -0.025417, 0.172755, 0.0091259
3.83275, 0.377489, -0.217905, -0.02361, 0.169506, 0.00703398
3.73246, 0.402551, -0.119261, -0.0250187, 0.167272, 0.00704777
3.76833, 0.453785, 0.0421069, -0.0303694, 0.166321, 0.00836946
3.73878, 0.47737, 0.183725, -0.035744, 0.164259, 0.00730153
3.70146, 0.483744, 0.352713, -0.0382146, 0.162299, 0.0062145
3.66052, 0.500438, 0.46612, -0.0377117, 0.161719, 0.00281344
3.72085, 0.502138, 0.438461, -0.0361964, 0.161876, 0.00193588
3.71818, 0.476663, 0.3662, -0.0326287, 0.16179, 0.000574641
3.6921, 0.401287, -0.204538, -0.0231983, 0.164652, 0.00142338
3.71516, 0.357548, -0.506096, -0.0211756, 0.167736, 0.00431591
3.70842, 0.370559, -0.370666, -0.0241084, 0.166894, 0.00594232
3.69018, 0.372263, -0.326348, -0.0284692, 0.166367, 0.00604966
3.66622, 0.385625, -0.524423, -0.0272613, 0.164601, 0.00459272
3.64161, 0.359879, -0.472499, -0.0254828, 0.164909, 0.00218976
3.62317, 0.293832, -0.711773, -0.0185197, 0.165229, 0.00344525
3.75309, 0.321642, -0.647657, -0.0180315, 0.168815, 0.00569929
3.68453, 0.32956, -0.527933, -0.0186394, 0.166801, 0.00901992
3.68487, 0.358077, -0.759067, -0.0201114, 0.166671, 0.0112107
3.7146, 0.334613, -1.04573, -0.0209611, 0.164894, 0.0111044
3.67329, 0.37386, -0.948935, -0.0219924, 0.164158, 0.00943774
3.62424, 0.419289, -0.673848, -0.0260421, 0.160504, 0.00716798
3.65586, 0.418462, -0.471578, -0.0273683, 0.162012, 0.0036041
3.68361, 0.430588, -0.386733, -0.0269899, 0.1606, -0.00145649
3.64141, 0.447696, -0.272436, -0.0288073, 0.161377, -0.00344784
3.64183, 0.440641, -0.244061, -0.0291514, 0.160036, -0.00189894
3.61793, 0.44782, -0.215752, -0.0287804, 0.158979, -0.000523346
3.54154, 0.40965, -0.0974872, -0.0252905, 0.156201, 0.000286868
3.50365, 0.392391, -0.119421, -0.018995, 0.153557, 0.00420383
3.51126, 0.392507, -0.350088, -0.0171926, 0.157822, 0.00656815
3.55977, 0.371618, -0.439035, -0.0193064, 0.160092, 0.00776115
3.57658, 0.374878, -0.7064, -0.0182588, 0.159935, 0.00904997
3.52314, 0.347722, -1.34123, -0.019091, 0.159243, 0.00990041
3.51305, 0.359007, -1.68257, -0.019739, 0.158379, 0.00886084
3.48086, 0.381248, -1.58588, -0.0217636, 0.157992, 0.00720018
3.47791, 0.404597, -1.11518, -0.0292239, 0.154949, 0.00404576
3.54578, 0.367499, -1.08515, -0.0274172, 0.155773, -0.00235619
3.50531, 0.367837, -1.02419, -0.0271141, 0.156997, -0.00430698
3.50834, 0.388196, -1.02573, -0.0289398, 0.156944, -0.00556258
3.51494, 0.357526, -1.33898, -0.0275249, 0.15769, -0.00566088
3.51843, 0.348798, -1.35557, -0.0304804, 0.158406, -0.00376703
3.53586, 0.412177, -1.05919, -0.0338438, 0.158982, -0.00191509
3.51167, 0.364403, -1.19506, -0.0320844, 0.160678, -0.00403435
3.53693, 0.344902, -1.50145, -0.0310718, 0.159696, -0.00632455
3.58451, 0.351174, -1.59876, -0.0279328, 0.162993, -0.00511787
3.67716, 0.35157, -1.38463, -0.0290368, 0.165392, -0.0053478
3.7051, 0.38184, -1.17959, -0.0304922, 0.166921, -0.00577771
3.70607, 0.348438, -1.26148, -0.0283192, 0.167841, -0.00760128
3.76167, 0.341374, -1.26101, -0.027162, 0.168506, -0.00708788
3.82374, 0.341348, -1.29666, -0.0235908, 0.174594, -0.00684858
3.90901, 0.348972, -1.26876, -0.0227916, 0.179343, -0.00522803
3.978, 0.346748, -1.16198, -0.0226159, 0.182498, -0.00555795
4.03487, 0.356067, -1.08884, -0.0202206, 0.18193, -0.00415016
4.06733, 0.37277, -0.921142, -0.021332, 0.184016, -0.0062771
4.17472, 0.361752, -0.923945, -0.0218227, 0.189405, -0.00854493
4.21984, 0.321767, -1.22059, -0.0210738, 0.192064, -0.00972336
4.23947, 0.294041, -1.31066, -0.0211774, 0.192905, -0.010276
4.30804, 0.326709, -1.13329, -0.0208299, 0.19617, -0.0115948
4.37751, 0.287684, -1.15025, -0.0213722, 0.196548, -0.0104344
4.39212, 0.314213, -1.02435, -0.021829, 0.197367, -0.0095653
4.38779, 0.273735, -1.22162, -0.0210327, 0.201208, -0.00990143
4.45254, 0.273139, -1.3383, -0.0208462, 0.202373, -0.00993261
4.46623, 0.247179, -1.20452, -0.021689, 0.202202, -0.0104832
4.4874, 0.294014, -1.12382, -0.0198361, 0.202334, -0.0103622
4.52816, 0.193364, -1.42862, -0.018532, 0.205247, -0.0110652
