# Trial: 5
# Timestamp: 20260302_161204
# q[deg]=78.48, 96.01, -24.32, -74.88, 72.52, -64.96, 9.77
# Px[m]=0.448811, Py[m]=0.479717, Pz[m]=-0.0430718
# A(Z)[deg]=97.7155, B(Y)[deg]=79.8713, C(X)[deg]=87.0957
Fx [N], Fy [N], Fz [N], Mx [Nm], My [Nm], Mz [Nm]
-0.120552, 0.457309, -0.193303, 0.00205982, -0.0036022, -0.00578189
-0.128741, 0.447755, -0.203348, 0.000992424, -0.00131673, -0.00391244
-0.143159, 0.422023, -0.192004, -9.67709e-05, -0.00145846, -0.00393424
-0.0931605, 0.449126, -0.183001, 0.000814151, -0.00317837, -0.00344797
-0.149428, 0.455526, -0.156479, 0.000195859, -0.00139092, -0.0047155
-0.207163, 0.426082, -0.205408, 0.000670209, -0.00356323, -0.00446997
-0.0884544, 0.470276, -0.189744, 0.000147037, -0.00212256, -0.00399178
-0.208252, 0.430507, -0.181323, 8.19311e-05, -0.00291703, -0.00710097
-0.16415, 0.43652, -0.168239, 0.0003765, -0.00235719, -0.00308206
-0.157633, 0.451063, -0.192756, 0.000121991, -0.00335301, -0.00569876
-0.230664, 0.454004, -0.196733, 0.000252505, -0.00199459, -0.00669787
-0.178528, 0.473122, -0.185625, 0.0013346, -0.00198564, -0.00765936
-0.165199, 0.443474, -0.169364, -1.67452e-06, -0.00100153, -0.00607077
-0.131077, 0.452309, -0.171284, -7.34538e-05, -0.00260089, -0.00348215
-0.134084, 0.477033, -0.194973, 0.00110214, -0.00263724, -0.00663621
-0.149126, 0.452801, -0.161139, 0.00023851, -0.00251706, -0.00381521
-0.208749, 0.431257, -0.179867, -0.000210434, -0.00144223, -0.00527184
-0.112964, 0.460914, -0.202477, 0.00110328, -0.00360225, -0.00575563
-0.0939815, 0.455137, -0.212734, 0.000805379, -0.00297022, -0.00418035
-0.191428, 0.439492, -0.178617, 0.000699742, -0.00214855, -0.00469368
-0.148645, 0.458869, -0.177957, 0.00138667, -0.00245682, -0.00674366
-0.0940421, 0.457465, -0.193582, 0.0010244, -0.00241634, -0.00575349
-0.0792379, 0.475666, -0.19475, 0.00125814, -0.00208507, -0.00430389
-0.158573, 0.457825, -0.201446, 0.000631147, -0.00435774, -0.00541746
-0.118948, 0.439241, -0.185822, 8.25993e-06, -0.00289231, -0.00593687
-0.0969789, 0.472438, -0.180965, 0.000993334, -0.00227786, -0.00595215
-0.0855505, 0.453262, -0.177652, -0.00012828, -0.0024101, -0.00412743
-0.0837176, 0.451582, -0.200008, 0.00105607, -0.00258952, -0.00593492
-0.154038, 0.432186, -0.186148, 0.000170357, -0.00364644, -0.0058026
-0.107405, 0.4781, -0.204204, 0.000751207, -0.00260554, -0.00523273
-0.111558, 0.455276, -0.189135, 0.00143395, -0.0036781, -0.00653736
-0.0760902, 0.453263, -0.16797, 0.000246248, -0.00192229, -0.00406051
-0.0629715, 0.482456, -0.183622, 0.000653517, -0.00236625, -0.00441801
-0.146185, 0.437829, -0.173756, 0.000269464, -0.00265558, -0.00361643
-0.201505, 0.442495, -0.169168, -9.07102e-05, -0.00121622, -0.0067007
-0.123127, 0.465661, -0.18654, 0.000870662, -0.002361, -0.00592318
-0.180054, 0.432096, -0.177312, 0.00119988, -0.00216899, -0.00722984
-0.215944, 0.423181, -0.181847, 0.000230926, -0.00287724, -0.00623727
-0.0971149, 0.476066, -0.185258, 0.00163542, -0.00230596, -0.00547739
-0.165353, 0.448593, -0.199339, 0.000700178, -0.00204966, -0.00676576
-0.165088, 0.442291, -0.168632, 0.000266383, -0.00251261, -0.00501631
-0.176823, 0.457272, -0.165084, 0.000731975, -0.00247384, -0.00392154
-0.202803, 0.45137, -0.172315, 0.000482243, -0.00174065, -0.00611692
-0.14571, 0.436466, -0.18057, 8.88645e-05, -0.00240485, -0.00563261
-0.157448, 0.449486, -0.167722, 0.000127536, -0.0026377, -0.00536934
-0.121958, 0.455571, -0.198507, 4.73558e-05, -0.00385925, -0.00679464
-0.0665872, 0.452909, -0.203628, 0.00036545, -0.00244782, -0.00428231
-0.15689, 0.447796, -0.187971, 0.000265254, -0.00246145, -0.00499437
-0.253878, 0.429243, -0.195458, -0.00053252, -0.00111499, -0.00681026
-0.224962, 0.429103, -0.19108, 0.00147828, -0.00265899, -0.00602839
-0.202575, 0.448952, -0.192115, 0.000328559, -0.00259938, -0.00538414
-0.0807399, 0.477647, -0.174197, 0.00010836, -0.00195466, -0.00486921
-0.0726799, 0.435963, -0.186401, 0.000289067, -0.00293101, -0.00449387
-0.0875187, 0.47244, -0.171287, 0.00136788, -0.00179014, -0.00588536
-0.105164, 0.463031, -0.202022, 3.17414e-05, -0.00300956, -0.00589713
-0.0901933, 0.44169, -0.192454, 0.00193132, -0.0038228, -0.00688215
-0.131161, 0.454111, -0.166657, 0.000131341, -0.00281535, -0.00434956
-0.19361, 0.450329, -0.192502, 0.000420453, -0.00309338, -0.00599452
-0.118737, 0.441206, -0.165733, 0.00072122, -0.00250994, -0.00597317
-0.188068, 0.424561, -0.208322, 0.000730517, -0.00293379, -0.00718365
-0.106377, 0.470586, -0.210298, 0.000303622, -0.00275913, -0.00513797
-0.0583481, 0.456066, -0.183113, 0.000254296, -0.00281325, -0.0044272
-0.0838304, 0.444368, -0.189738, -0.000348482, -0.00200905, -0.00469297
-0.111173, 0.443802, -0.188925, -0.00015325, -0.00383881, -0.00454928
-0.111449, 0.450068, -0.189205, 0.000511497, -0.0030455, -0.00581515
-0.0892218, 0.479874, -0.209396, 0.000955983, -0.00203958, -0.00510336
-0.154198, 0.440188, -0.196002, 0.00133762, -0.00297164, -0.00656665
-0.119334, 0.440825, -0.194796, 5.79434e-05, -0.00318031, -0.00492877
-0.0945748, 0.455744, -0.168777, 0.000169019, -0.00217445, -0.00627366
-0.104246, 0.461637, -0.207189, 0.000667144, -0.00215122, -0.00520171
-0.0710523, 0.475235, -0.184318, 0.000329182, -0.00232545, -0.00406959
-0.201527, 0.441964, -0.183689, -0.000104935, -0.00198454, -0.00599509
-0.0910176, 0.440695, -0.210825, 0.000850444, -0.00234042, -0.00468731
-0.125536, 0.429573, -0.178, 0.000807936, -0.00373552, -0.00655466
-0.130601, 0.450942, -0.178103, -0.00025403, -0.00235029, -0.00549823
-0.0828092, 0.440309, -0.18537, 3.19829e-05, -0.00237288, -0.0044666
-0.175678, 0.454476, -0.192917, 0.000668502, -0.00187648, -0.00658433
-0.145095, 0.439899, -0.2014, 0.00121435, -0.00316592, -0.00682029
-0.0961495, 0.46099, -0.180969, -0.000130795, -0.00235429, -0.00395945
-0.140547, 0.455673, -0.161343, -7.87598e-05, -0.000805249, -0.00431004
-0.162587, 0.428824, -0.191694, 4.42192e-06, -0.00354753, -0.0060056
-0.0963052, 0.470528, -0.201481, 0.00120664, -0.00249175, -0.00590687
-0.0840552, 0.447358, -0.179596, 0.000167775, -0.00308375, -0.00522512
-0.207967, 0.434119, -0.200848, 0.00107668, -0.00306864, -0.00660798
-0.0737851, 0.441822, -0.186137, 0.000113505, -0.0027816, -0.00558776
-0.158062, 0.453484, -0.156896, 0.000330906, -0.00206699, -0.00509391
-0.207339, 0.426673, -0.176682, 0.0003866, -0.00289085, -0.00654504
-0.153486, 0.430941, -0.176468, 0.000442747, -0.00257941, -0.00563619
-0.103094, 0.451933, -0.187367, 0.000331663, -0.00223532, -0.00357475
-0.172109, 0.432057, -0.181368, 9.35646e-06, -0.00183708, -0.0063227
-0.166719, 0.451882, -0.172832, 0.000259465, -0.0023903, -0.00615072
-0.109781, 0.443004, -0.21021, 0.000728497, -0.00245824, -0.00503843
-0.139571, 0.448601, -0.176716, -0.000153551, -0.00297735, -0.00350383
-0.11139, 0.452159, -0.19889, 0.000928066, -0.00268869, -0.00549444
-0.112998, 0.461314, -0.18757, 0.00112777, -0.00291924, -0.00595047
-0.17723, 0.458378, -0.19044, 0.000414617, -0.00405348, -0.00491469
-0.0953695, 0.458863, -0.201748, 0.000158089, -0.00295822, -0.00424373
-0.180931, 0.435052, -0.196351, 0.000966908, -0.00343871, -0.00689892
-0.154679, 0.438597, -0.171578, 0.000472089, -0.00264442, -0.0075976
-0.131006, 0.458433, -0.203296, 0.000490987, -0.00274753, -0.00691228
-0.0777669, 0.462283, -0.201718, 0.00011494, -0.00277617, -0.0044756
-0.131535, 0.46514, -0.196796, 0.00158388, -0.0035455, -0.00612932
-0.157697, 0.455294, -0.181048, 0.00112086, -0.00200416, -0.00373341
-0.060652, 0.467081, -0.1663, 0.000130275, -0.0030377, -0.0049149
-0.111416, 0.449185, -0.203609, 0.000583218, -0.00428915, -0.00492832
-0.236366, 0.433018, -0.189295, -8.23175e-05, -0.00282896, -0.00583362
-0.164857, 0.445825, -0.189633, 0.000918442, -0.00327278, -0.0067194
-0.13682, 0.437668, -0.195595, 8.0591e-05, -0.00319185, -0.00571848
-0.086682, 0.464006, -0.190752, 0.000936926, -0.00296775, -0.0035525
-0.148167, 0.448662, -0.203697, -6.51868e-05, -0.00402761, -0.00625488
-0.133536, 0.469837, -0.184096, 0.000568769, -0.00166866, -0.0040339
-0.0756108, 0.44944, -0.193551, -0.000142993, -0.00231074, -0.00399265
-0.122373, 0.459989, -0.202383, 0.000452127, -0.00263198, -0.00584187
-0.11257, 0.4598, -0.222574, 0.00107941, -0.00256085, -0.00523235
-0.147206, 0.441887, -0.178124, -0.00011089, -0.00229172, -0.0038428
-0.155558, 0.441982, -0.189262, 0.000495885, -0.00283038, -0.00525172
-0.120148, 0.444826, -0.167914, 0.000316562, -0.00218239, -0.00331584
-0.077276, 0.463934, -0.182545, 0.000968876, -0.00308845, -0.00568176
-0.0662615, 0.448755, -0.184462, -4.70636e-06, -0.0030773, -0.00491913
-0.0679751, 0.456635, -0.192641, -0.00028184, -0.00243583, -0.00434569
-0.16706, 0.453557, -0.151764, 0.00052986, -0.00226274, -0.00516984
-0.17462, 0.450508, -0.203952, 0.000928183, -0.00236281, -0.00685512
-0.128567, 0.442822, -0.214817, 0.000165408, -0.00361602, -0.00551532
-0.0601704, 0.469154, -0.191222, 0.000899615, -0.00280439, -0.00457596
-0.114296, 0.461258, -0.200486, -2.92795e-05, -0.00277134, -0.00375441
-0.174347, 0.442763, -0.194868, -0.000259691, -0.00286711, -0.00711275
-0.120944, 0.456842, -0.18382, 0.00122385, -0.001668, -0.00649785
-0.130239, 0.448835, -0.18365, -0.000317938, -0.00283061, -0.00580072
-0.0686729, 0.462434, -0.177188, 0.000126322, -0.00207956, -0.00493778
-0.147236, 0.446851, -0.164773, 0.000654947, -0.00371497, -0.00710447
-0.208053, 0.430446, -0.195522, 0.00037954, -0.00282111, -0.00573163
-0.156838, 0.445484, -0.178549, -7.57409e-05, -0.00320831, -0.00564464
-0.132362, 0.463209, -0.140142, 0.000914762, -0.00283901, -0.0043039
-0.123074, 0.459836, -0.185728, 5.45474e-05, -0.00237427, -0.00399808
-0.120718, 0.458362, -0.193655, 0.00180203, -0.00217644, -0.00632546
-0.178844, 0.426491, -0.223795, 0.00101357, -0.00268604, -0.00762748
-0.128448, 0.443091, -0.170132, 0.000486156, -0.00290738, -0.00606704
-0.119334, 0.440825, -0.194796, 5.79434e-05, -0.00318031, -0.00492877
-0.11278, 0.460391, -0.187603, 0.00137519, -0.00425971, -0.00591768
-0.0596181, 0.458072, -0.192167, -0.000718439, -0.00270941, -0.00412024
-0.086043, 0.456597, -0.197018, 1.60092e-05, -0.0031203, -0.00397313
-0.17116, 0.430357, -0.210602, 0.00107914, -0.00415569, -0.00453978
-0.106294, 0.473205, -0.205463, 0.000734395, -0.00163389, -0.00552286
-0.0938056, 0.453095, -0.158628, 0.000785132, -0.00300843, -0.00538234
-0.120636, 0.451087, -0.197589, 0.000695285, -0.0014999, -0.00371416
-0.16657, 0.454187, -0.198315, 0.000545121, -0.00207078, -0.00683797
-0.189535, 0.427625, -0.211476, 7.9353e-05, -0.00377529, -0.00603062
-0.109377, 0.439026, -0.176406, 0.000458359, -0.00279453, -0.00619962
-0.139036, 0.447936, -0.193571, 1.81412e-05, -0.00457462, -0.00583012
-0.0344051, 0.472098, -0.195783, -0.000182798, -0.00307048, -0.00455992
-0.106473, 0.471869, -0.174738, 0.000835664, -0.00320372, -0.00482991
-0.105475, 0.467766, -0.185393, 0.00110572, -0.00377534, -0.00458993
-0.190047, 0.43233, -0.171491, 0.000397005, -0.00214328, -0.00698532
-0.166528, 0.448325, -0.167068, -3.99326e-05, -0.00175365, -0.0044294
-0.183015, 0.441546, -0.179025, 0.000156585, -0.00177631, -0.00567102
-0.154869, 0.438642, -0.185952, 0.000296368, -0.00254749, -0.00674354
-0.166165, 0.446214, -0.172615, -0.00010373, -0.00223396, -0.00473188
-0.210845, 0.445766, -0.199078, 0.000207435, -0.0026347, -0.00744905
-0.150307, 0.464438, -0.176719, 0.000768654, -0.00256218, -0.00682048
-0.190546, 0.438073, -0.170236, 0.00110287, -0.00169096, -0.00620806
-0.135692, 0.432339, -0.181333, 0.000270264, -0.00257295, -0.00533031
-0.100321, 0.440563, -0.190725, 0.000772292, -0.00280259, -0.005111
-0.097632, 0.472408, -0.210149, 0.000244261, -0.00247308, -0.00508912
-0.17067, 0.425541, -0.18243, 0.000411859, -0.00315657, -0.0062176
-0.138205, 0.447346, -0.18581, 0.000239154, -0.00308128, -0.00821774
-0.102563, 0.450215, -0.194069, 0.000236881, -0.00245985, -0.00540958
-0.0887567, 0.473568, -0.194744, 0.000466937, -0.00292971, -0.00469153
-0.110503, 0.448276, -0.209278, 0.00112257, -0.00287039, -0.00492481
-0.07952, 0.474015, -0.18453, 0.000690227, -0.00166194, -0.0039655
-0.185669, 0.456193, -0.195898, 0.000388627, -0.00213969, -0.0048163
-0.120194, 0.446289, -0.180049, 0.000144049, -0.00360316, -0.0066955
-0.227209, 0.436316, -0.184616, 0.000612108, -0.00314829, -0.00646656
-0.210191, 0.442283, -0.178504, 0.000481497, -0.00170586, -0.00573681
-0.17382, 0.445979, -0.199906, 0.000996724, -0.00359101, -0.00729249
-0.116872, 0.480501, -0.193258, 0.000938385, -0.00193094, -0.00467661
-0.114353, 0.467989, -0.200445, 0.000947301, -0.0011138, -0.00435656
-0.180989, 0.430415, -0.196276, -0.000117153, -0.00194087, -0.00602827
-0.149415, 0.461037, -0.187604, 0.000866859, -0.00218337, -0.00694286
-0.0847697, 0.45113, -0.198432, 0.000160694, -0.0030139, -0.00441169
-0.102986, 0.453265, -0.169724, 0.000455415, -0.00363047, -0.00731117
-0.137906, 0.449471, -0.179653, 0.00117413, -0.00221287, -0.00655489
-0.118892, 0.43889, -0.185705, 9.42032e-05, -0.00336763, -0.00575577
-0.148424, 0.453437, -0.178296, 0.000539792, -0.00221426, -0.00635101
-0.193194, 0.452291, -0.188469, 0.00107806, -0.00313825, -0.0073682
-0.192582, 0.443297, -0.199099, -0.000123449, -0.00268635, -0.00659175
-0.11274, 0.457929, -0.212622, 0.000587155, -0.00252764, -0.0052235
-0.131262, 0.453885, -0.196319, -7.89983e-05, -0.00331619, -0.00381156
-0.0955921, 0.458817, -0.200716, 0.000103019, -0.0027387, -0.00289249
-0.165311, 0.442731, -0.168096, 0.000115127, -0.00173256, -0.00435708
-0.147022, 0.44578, -0.153789, 0.000796583, -0.00203839, -0.00525726
-0.114073, 0.460818, -0.201021, 0.000121977, -0.0035514, -0.00441364
-0.181079, 0.433712, -0.171877, 0.000488768, -0.00263719, -0.00759569
-0.0866608, 0.458639, -0.176891, -0.000207541, -0.00282122, -0.00452921
-0.0944045, 0.457133, -0.178228, 0.00075755, -0.00276807, -0.00559048
-0.151198, 0.464324, -0.174436, 0.000195352, -0.00220754, -0.00412264
-0.119493, 0.448402, -0.206003, 0.000968462, -0.00358939, -0.0077077
-0.19129, 0.442813, -0.183825, 0.00148271, -0.00287143, -0.00538882
-0.131663, 0.457888, -0.156099, 0.000410414, -0.00263475, -0.00440382
-0.198593, 0.428491, -0.176534, 0.000327236, -0.00260478, -0.0064963
-0.106243, 0.469929, -0.195041, 0.000585884, -0.00350179, -0.00478911
-0.079597, 0.471874, -0.189864, 0.000163249, -0.00222655, -0.00427249
-0.180963, 0.431032, -0.190908, 0.000355697, -0.0036664, -0.00584133
-0.0968283, 0.470322, -0.215906, 0.000643424, -0.00286913, -0.00538699
-0.150527, 0.458498, -0.176342, -0.000445199, -0.00296458, -0.00574035
-0.0634591, 0.486275, -0.20349, 0.000701509, -0.00251594, -0.00495572
-0.176453, 0.453723, -0.192259, -8.58785e-05, -0.00299562, -0.006231
-0.148477, 0.454785, -0.186714, 0.00107316, -0.00258848, -0.00431661
-0.0863733, 0.46321, -0.197416, 0.000594831, -0.00185177, -0.00542024
-0.138072, 0.448649, -0.179857, 0.000948246, -0.00355244, -0.00703739
-0.0762206, 0.454492, -0.192886, 0.000326629, -0.00311281, -0.00420869
-0.124069, 0.467435, -0.195037, 0.000381612, -0.00234337, -0.00459004
-0.132342, 0.467706, -0.191537, 0.00108843, -0.00258895, -0.00652335
-0.1516, 0.465918, -0.200294, -0.000218194, -0.00322663, -0.00580791
-0.112945, 0.455489, -0.186759, 0.00031174, -0.00293236, -0.00402546
-0.142304, 0.467969, -0.199268, 0.00051783, -0.00216247, -0.00406914
-0.0915061, 0.440542, -0.164777, 0.000738976, -0.00197174, -0.00371116
-0.203772, 0.455558, -0.177067, 9.15373e-05, -0.00129163, -0.00685409
-0.0628595, 0.482717, -0.184387, 0.000633015, -0.00219575, -0.00543958
-0.114999, 0.46952, -0.166264, 0.000587636, -0.00177587, -0.00643052
-0.112162, 0.458833, -0.208237, 0.00150255, -0.00399828, -0.0060535
-0.174791, 0.448155, -0.193497, 0.000532119, -0.00289015, -0.00615416
-0.202109, 0.445566, -0.187769, 7.39695e-05, -0.00209694, -0.00552483
-0.144547, 0.435729, -0.181411, 0.0012523, -0.00349156, -0.00610137
-0.100379, 0.438953, -0.181538, 0.000259536, -0.00259887, -0.00612371
-0.186422, 0.459901, -0.170755, 0.00038022, -0.00214023, -0.0057291
-0.0874837, 0.465663, -0.18635, 0.000281002, -0.00365547, -0.00526948
-0.13716, 0.439823, -0.175025, 0.0002548, -0.00250376, -0.0054296
-0.150412, 0.462195, -0.19522, 0.000484215, -0.00281136, -0.0044069
-0.155837, 0.445802, -0.179741, 0.000829898, -0.00286924, -0.00665709
-0.121087, 0.450115, -0.167805, 0.000302611, -0.00289823, -0.00455806
-0.0675301, 0.456661, -0.192855, 0.000181342, -0.00235154, -0.00434107
-0.0590916, 0.460239, -0.187043, 0.00027159, -0.00206041, -0.00380862
-0.173296, 0.44364, -0.195086, 0.000892451, -0.00135898, -0.00662101
-0.0943491, 0.456782, -0.178111, 0.000843496, -0.0032434, -0.00540927
-0.123846, 0.466995, -0.195572, 0.000532847, -0.00312331, -0.00524926
-0.219816, 0.447841, -0.188229, 0.000943587, -0.00235092, -0.00670717
-0.183614, 0.444196, -0.198979, 6.4632e-05, -0.00374088, -0.00651012
-0.219652, 0.4418, -0.187681, 0.000203158, -0.00275422, -0.00511162
-0.0982233, 0.475969, -0.183798, 0.000654115, -0.00225511, -0.0041354
-0.0576737, 0.454637, -0.204127, 0.000371308, -0.00246663, -0.00507392
-0.164643, 0.442798, -0.169343, 0.000633248, -0.0018677, -0.00570368
-0.112998, 0.461314, -0.18757, 0.00112777, -0.00291924, -0.00595047
-0.109488, 0.439247, -0.176143, 0.000382806, -0.00240459, -0.00587008
-0.208219, 0.435528, -0.195066, 0.00131234, -0.00353889, -0.00594305
-0.149047, 0.456949, -0.212421, 0.000498008, -0.00274235, -0.00585344
-0.199452, 0.431978, -0.181056, 0.000108402, -0.00310631, -0.00687102
-0.167884, 0.455589, -0.161028, 2.02856e-05, -0.00207448, -0.00485836
-0.0992744, 0.43358, -0.182299, 0.000338798, -0.00218775, -0.00572194
-0.201804, 0.447748, -0.183468, 0.000655998, -0.00175176, -0.00656895
-0.0928552, 0.446369, -0.180365, 4.50039e-05, -0.00233393, -0.00614719
-0.146817, 0.443317, -0.188612, 0.000532599, -0.00310488, -0.00451086
-0.148122, 0.448756, -0.173651, 0.000155525, -0.00361205, -0.0062821
-0.165855, 0.446987, -0.197243, 0.000535909, -0.00390074, -0.00418344
-0.148564, 0.455107, -0.173284, 0.000754959, -0.00251401, -0.00670764
-0.0666523, 0.452313, -0.174171, 0.00034992, -0.00328664, -0.00530294
-0.102316, 0.445885, -0.189541, -0.000233224, -0.00338227, -0.005522
-0.202103, 0.452519, -0.19727, 0.00149903, -0.00284792, -0.00574521
-0.0698574, 0.46715, -0.190563, 4.32077e-05, -0.00334428, -0.00412316
-0.0964864, 0.469102, -0.161595, 0.000849155, -0.00156764, -0.00610646
-0.111091, 0.446424, -0.184088, 0.000277543, -0.00271368, -0.00493418
-0.07032, 0.47893, -0.205913, 0.00143418, -0.00291611, -0.00627898
-0.0915245, 0.442033, -0.190459, 0.000798742, -0.00299176, -0.00488102
-0.110007, 0.439041, -0.190568, -0.000180434, -0.00278187, -0.00535018
-0.131572, 0.462026, -0.190496, 0.00113325, -0.0021289, -0.00374879
-0.128168, 0.439268, -0.179659, 0.000152031, -0.00286854, -0.00466167
-0.13727, 0.447474, -0.184761, 0.00150798, -0.00230418, -0.00601243
-0.199452, 0.431496, -0.180554, 0.000204588, -0.00366684, -0.00617901
-0.130317, 0.456515, -0.206933, 0.00116764, -0.00223029, -0.00417363
-0.181626, 0.433404, -0.199469, 0.000168199, -0.00269912, -0.00435523
-0.0740933, 0.4431, -0.179975, 0.000359546, -0.00333713, -0.00441205
-0.163139, 0.436879, -0.199862, 0.00105119, -0.0023485, -0.00457797
-0.175794, 0.450722, -0.172183, 9.19969e-05, -0.00150625, -0.00521077
-0.0575408, 0.453984, -0.188869, 0.00065348, -0.00320941, -0.00472509
-0.0593464, 0.460169, -0.172458, -1.57579e-05, -0.00224163, -0.00466718
-0.0956405, 0.466179, -0.21219, 0.0010892, -0.00353768, -0.00600107
-0.130962, 0.460969, -0.183057, 0.00104243, -0.00149979, -0.00680012
-0.0613629, 0.470859, -0.185135, 0.000123215, -0.00296796, -0.0041015
-0.132512, 0.462322, -0.190191, 0.000121053, -0.00182215, -0.00393912
-0.194271, 0.458657, -0.202259, 0.0010387, -0.00202754, -0.0069443
-0.0672347, 0.456825, -0.177393, 0.000689378, -0.00175463, -0.00350982
-0.0843312, 0.452655, -0.178873, 0.00102489, -0.0034115, -0.00510698
-0.131429, 0.458452, -0.188064, 0.000138327, -0.00262401, -0.00693051
-0.211119, 0.447126, -0.20832, 0.000332692, -0.00331274, -0.00677051
-0.164131, 0.442996, -0.200368, 0.000855127, -0.00202859, -0.00669343
-0.218153, 0.437853, -0.198934, 0.00092604, -0.00315635, -0.00537793
-0.0947818, 0.462693, -0.207672, 0.00130806, -0.00303628, -0.00562626
-0.159931, 0.466, -0.194548, 0.000851811, -0.00303419, -0.00452345
-0.0955664, 0.465305, -0.18739, 0.000922983, -0.0018718, -0.0060341
-0.130379, 0.450505, -0.178633, -0.000102791, -0.00313025, -0.00615733
-0.0793177, 0.468538, -0.199891, -0.000267061, -0.00162719, -0.00355913
-0.125526, 0.428645, -0.207427, 0.000769359, -0.00518696, -0.00565411
-0.0870945, 0.468482, -0.196484, 0.000988879, -0.00226379, -0.00530671
-0.165045, 0.444391, -0.195201, 0.000219704, -0.00288682, -0.00738884
-0.0872887, 0.466084, -0.201052, 0.000482424, -0.00299902, -0.00459215
-0.146761, 0.443931, -0.189499, 0.000426151, -0.00245905, -0.00571365
-0.0893171, 0.469784, -0.173797, -0.000572617, -0.00264388, -0.0033225
-0.120055, 0.446097, -0.193863, 0.000452012, -0.00359244, -0.00481526
-0.0328569, 0.470689, -0.186793, 0.00109142, -0.00222491, -0.00471396
-0.157501, 0.453754, -0.186445, 0.000895451, -0.00161922, -0.00388757
-0.149853, 0.459512, -0.207163, 2.65831e-06, -0.00178577, -0.00624758
-0.173433, 0.441368, -0.20004, 0.000375846, -0.00200888, -0.00641723
-0.0956118, 0.464728, -0.216935, 0.000798482, -0.00284802, -0.00531478
-0.101735, 0.44319, -0.184605, -0.000251683, -0.00162549, -0.00466928
-0.0723732, 0.434207, -0.192064, 0.000139233, -0.00293611, -0.00497759
-0.195292, 0.462715, -0.206627, 0.000658233, -0.00166371, -0.00717067
-0.0874006, 0.465822, -0.200282, 0.000503037, -0.00316951, -0.00357058
-0.11629, 0.477948, -0.199336, 0.00102585, -0.00319132, -0.00563821
-0.140509, 0.456809, -0.186913, 6.69339e-05, -0.00230051, -0.00529856
-0.0932747, 0.447867, -0.173931, 0.000215339, -0.00249934, -0.0046419
-0.10691, 0.482194, -0.194833, 0.0019359, -0.00208577, -0.00629942
-0.0672786, 0.454771, -0.198135, 4.17492e-05, -0.00244184, -0.004314
-0.141667, 0.464017, -0.195071, 0.000424851, -0.00252529, -0.00435816
-0.128711, 0.442956, -0.199142, 0.000210395, -0.00310352, -0.0046886
-0.10915, 0.437033, -0.194853, 0.000561548, -0.00256946, -0.00345199
-0.0995193, 0.433971, -0.196792, 7.72414e-05, -0.00161546, -0.0050491
-0.117474, 0.438706, -0.201632, 0.0014488, -0.00371259, -0.00605799
-0.147197, 0.444473, -0.198945, 0.000325539, -0.00447674, -0.00551774
-0.102926, 0.452326, -0.188522, 0.000300786, -0.00197951, -0.0051072
-0.0942143, 0.45358, -0.172463, 0.000458152, -0.00213142, -0.00386916
-0.0790145, 0.475707, -0.195787, 0.00131321, -0.00230459, -0.00565513
-0.10716, 0.477704, -0.189711, 0.00101287, -0.00317781, -0.00590557
-0.128771, 0.440865, -0.189456, -0.000206285, -0.00346035, -0.00500931
-0.111761, 0.450291, -0.172877, 0.000491174, -0.00222827, -0.00414798
-0.102601, 0.448597, -0.168002, 0.000187353, -0.00152501, -0.00372903
-0.130209, 0.454333, -0.197896, 0.00081638, -0.00289182, -0.00533478
-0.119068, 0.446855, -0.165127, 0.00149241, -0.00236247, -0.00603626
-0.16862, 0.464795, -0.195583, 0.000804745, -0.00267451, -0.0057751
-0.121738, 0.458904, -0.206635, 0.000946667, -0.00107899, -0.00397645
-0.0601147, 0.469771, -0.192109, 0.000793188, -0.00215866, -0.00577877
-0.114556, 0.459656, -0.175242, -0.000486807, -0.00214031, -0.00342961
-0.22848, 0.442742, -0.184202, 0.00027505, -0.00213363, -0.00741201
-0.120152, 0.451257, -0.215066, 0.000684757, -0.00206147, -0.00691358
-0.105473, 0.468729, -0.186393, 0.000913345, -0.00265428, -0.00597395
-0.162723, 0.432938, -0.196489, 0.000550212, -0.00301513, -0.00622274
-0.095477, 0.465035, -0.202681, 0.00088826, -0.00246964, -0.00634994
-0.105417, 0.469342, -0.18728, 0.000806786, -0.00200846, -0.00717673
-0.0614743, 0.471079, -0.184868, 4.75297e-05, -0.00257793, -0.00377194
-0.114526, 0.469149, -0.181379, 0.00102635, -0.0023747, -0.00623108
-0.123298, 0.463308, -0.176085, 0.000474615, -0.00288842, -0.00522235
-0.0774239, 0.458598, -0.166175, 0.000111915, -0.00211386, -0.00311115
